11 28 32
11 28 16
19 28 0
11 28 0
17 28 24
17 28 0
15 28 0
20 28 0
22 28 30
11 28 10
4 28 0
19 28 0
29 28 0
19 28 36
20 28 14
8 28 0
27 28 32
0 28 0
22 28 30
16 28 0
17 28 0
0 28 0
0 28 0
22 28 0
24 28 23
22 28 0
15 28 0
5 28 0
0 28 0
31 28 0
13 28 0
13 28 0
20 28 0
17 28 0
12 28 0
16 28 0
10 28 0
12 28 24
21 28 0
18 28 0
17 28 42
20 28 8
0 28 0
12 28 0
28 28 0
23 28 34
14 28 0
16 28 0
17 28 0
16 28 0
19 28 28
10 28 0
21 28 0
11 28 0
9 28 0
24 28 23
11 28 0
22 28 0
13 28 0
23 28 0
8 28 0
16 28 0
16 28 0
12 28 0
17 28 42
16 28 2
12 28 0
10 28 0
20 28 0
20 28 0
24 28 27
24 28 30
22 28 23
11 28 0
15 28 0
22 28 12
14 28 0
15 28 0
22 28 30
11 28 0
7 28 0
11 28 0
18 28 10
19 28 0
22 28 0
12 28 0
21 28 0
4 28 0
27 28 16
24 28 19
12 28 0
21 28 0
22 28 0
11 28 0
23 28 0
30 28 0
13 28 0
16 28 42
17 28 0
11 28 0
8 28 0
25 28 0
15 28 0
18 28 12
26 28 0
9 28 0
23 28 0
25 28 0
16 28 0
11 28 0
13 28 0
13 28 0
18 28 0
11 28 18
9 28 26
7.5 28 10
0 28 0
10.5 28 12
11.5 28 42
5.5 28 0
7.5 28 0
9 28 0
10.5 28 26
10 28 19
12 28 16
11.5 28 0
11 28 0
5.5 28 8
10 28 0
9.5 28 6
8 28 20
12 28 0
14.5 28 0
12 28 0
5.5 28 0
2.5 28 0
8.5 28 0
8 28 42
3 28 0
4.5 28 0
10 28 0
7.5 28 0
10.5 28 30
6 28 22
5.5 28 28
6 28 20
5 28 0
5.5 28 14
2.5 28 0
8.5 28 14
5.5 28 0
5.5 28 0
11 28 16
5.5 28 0
11 28 30
5.5 28 0
5.5 28 22
6.5 28 22
10 28 0
5.5 28 0
12 28 0
12.5 28 0
3 28 0
11 28 16
11 28 26
7 28 0
13 28 0
12.5 28 8
13.5 28 16
3.5 28 0
11 28 0
8 28 36
8.5 28 0
5.5 28 20
11 28 0
11 28 0
5.5 28 0
5.5 28 0
7.5 28 0
9 28 0
3 28 0
13.5 28 28
8.5 28 0
14 28 20
11 28 0
8.5 28 0
7.5 28 32
2 28 0
9 28 0
7 28 34
5.5 28 0
9.5 28 0
14 28 0
8 28 0
12.5 28 0
9.5 28 0
6.5 28 34
11 28 0
15 28 0
0.5 28 0
0.5 28 0
5 28 0
11 28 0
8.5 28 42
9.5 28 3
11.5 28 0
9 28 14
13.5 28 0
8.5 28 0
5.5 28 0
5.5 28 0
11 28 0
8 28 36
14 28 28
3.66667 28 42
6 28 42
5.33333 28 4
7 28 0
7.33333 28 0
4.66667 28 0
2.66667 28 0
7.33333 28 30
7.33333 28 23
6 28 30
5.33333 28 32
5.33333 28 0
5.66667 28 0
6.33333 28 0
4.33333 28 0
7.33333 28 0
2.66667 28 0
6.33333 28 0
6.66667 28 14
6.33333 28 0
0 28 0
4 28 0
3.33333 28 0
3.66667 28 0
6 28 0
8.66667 28 22
0.666667 28 0
4 28 0
10 28 12
9 28 0
3.33333 28 0
6 28 0
3.66667 28 22
3.66667 28 36
7.33333 28 23
3.66667 28 0
6 28 24
6.33333 28 0
6 28 0
3.66667 28 0
7.33333 28 16
7.33333 28 0
3.66667 28 12
0 28 0
3.66667 28 36
3.66667 28 0
7.33333 28 0
3.66667 28 0
6.66667 28 19
8 28 0
3.66667 28 22
7 28 0
7.33333 28 0
4 28 0
4.66667 28 0
6.33333 28 0
0 28 0
6.66667 28 23
4.33333 28 12
3.66667 28 36
4.33333 28 30
6.66667 28 0
3.66667 28 30
7.33333 28 42
4.66667 28 0
3.66667 28 0
6.33333 28 8
10.3333 28 0
4.33333 28 0
2.66667 28 0
8.33333 28 23
4.33333 28 0
8.66667 28 0
8.33333 28 20
7 28 0
4.33333 28 0
5.66667 28 36
2 28 0
1 28 0
2.66667 28 0
3.66667 28 0
8 28 30
6.66667 28 0
0 28 0
7.33333 28 0
4 28 42
4.66667 28 0
2.33333 28 0
7.33333 28 0
7 28 23
7 28 16
8 28 0
3.66667 28 6
3.66667 28 0
4.33333 28 0
6.66667 28 0
0 28 0
2.33333 28 0
5 28 0
0 28 0
2.75 28 0
5.25 28 16
5 28 0
3.5 28 0
5.5 28 42
5.5 28 0
4 28 0
5.5 28 2
1.5 28 0
2.75 28 36
4 28 22
4.25 28 28
3.5 28 22
7.5 28 0
5.5 28 0
5.5 28 30
6.25 28 23
5.75 28 0
3.75 28 0
2.75 28 0
4.75 28 22
4.5 28 0
6.25 28 0
5.75 28 0
5.5 28 0
4.25 28 0
5.5 28 42
7 28 0
5 28 30
4.5 28 0
2.75 28 0
5.5 28 16
4.75 28 30
3 28 0
6 28 16
6.25 28 42
4.75 28 0
2.75 28 0
5.5 28 0
4.25 28 0
4 28 0
2.5 28 0
0.25 28 0
2.75 28 0
5 28 16
4.25 28 0
4.5 28 0
6.75 28 0
6.75 28 4
6.75 28 30
6.25 28 16
6.5 28 8
5.5 28 30
5.5 28 16
2.75 28 0
7.5 28 0
5.75 28 30
5.5 28 0
3.25 28 6
0 28 0
6.25 28 0
4.75 28 8
1.75 28 0
3.75 28 0
5.5 28 23
5.5 28 42
0.25 28 0
6.25 28 0
4.75 28 0
2.5 28 0
5.5 28 0
3.75 28 0
4.5 28 0
3 28 6
3 28 0
3.5 28 0
4.5 28 0
4.75 28 0
3 28 0
1.75 28 0
5 28 0
1.75 28 0
0 28 0
5.5 28 16
4.5 28 16
6.5 28 42
2.75 28 0
5.5 28 0
5 28 12
6 28 26
2.75 28 0
5.5 28 12
5 28 23
3.25 28 0
5.5 28 0
5 28 12
4.75 28 0
2.75 28 0
4.5 28 3
7 28 0
4 28 42
2.8 28 0
2.6 28 12
1.4 28 0
4.8 28 0
4.4 28 0
4.6 28 0
2.4 28 0
1.6 28 0
4.6 28 25
4.8 28 26
2.2 28 0
4.6 28 19
3.2 28 0
2 28 0
4.8 28 14
3 28 0
2.2 28 0
5.2 28 0
4.4 28 0
5.8 28 14
4.4 28 30
2.4 28 0
2 28 0
2.2 28 0
2.2 28 0
2 28 0
4.6 28 16
0.8 28 0
4.2 28 0
4.4 28 0
3.8 28 0
1.4 28 0
4 28 0
1.6 28 0
4.6 28 8
6 28 0
0 28 0
4.4 28 0
4.4 28 0
2.8 28 6
3 28 0
5.2 28 27
4.4 28 0
4.8 28 20
1.8 28 0
3.6 28 26
4.4 28 42
5 28 22
3.2 28 20
3.6 28 14
2.2 28 0
4.4 28 0
2.2 28 0
4.4 28 0
3.2 28 0
3.4 28 14
4.4 28 16
4.2 28 0
4.6 28 16
3.2 28 12
3.4 28 0
2.4 28 0
3.4 28 0
3 28 42
3 28 0
5.6 28 14
3.2 28 0
3.6 28 0
4.4 28 0
0 28 0
4.8 28 30
4 28 0
0 28 0
5.8 28 0
5.2 28 34
4.4 28 16
4.4 28 18
2.4 28 42
2.2 28 0
4.4 28 0
4.4 28 0
5.2 28 0
5.2 28 4
2.6 28 0
3.8 28 23
2.8 28 0
4.4 28 16
2.2 28 0
2.2 28 0
3.4 28 0
3.2 28 0
2.4 28 30
4.2 28 0
2.8 28 0
1.8 28 0
5.8 28 0
2.2 28 0
3.8 28 0
2.6 28 0
5 28 27
3 28 0
3.66667 28 0
0 28 0
3.66667 28 0
3.66667 28 26
4.33333 28 0
3.5 28 0
4.66667 28 12
4.66667 28 0
2.83333 28 0
2 28 0
3.5 28 0
2.16667 28 42
3.5 28 0
3.66667 28 42
2.16667 28 0
1.83333 28 0
5 28 0
2 28 0
2.33333 28 0
1.33333 28 0
1.83333 28 0
3.66667 28 0
3.66667 28 22
1.83333 28 0
0.166667 28 0
3.33333 28 0
2.33333 28 0
3.33333 28 0
1.83333 28 0
3.66667 28 16
2.33333 28 30
4.33333 28 0
2.5 28 32
1.83333 28 0
3.16667 28 34
4.16667 28 19
1.5 28 0
4 28 0
2.16667 28 36
2.83333 28 0
4.83333 28 16
3.33333 28 0
3.33333 28 0
2.33333 28 0
3.33333 28 0
4.16667 28 0
1.83333 28 0
2.66667 28 0
2.16667 28 0
2.66667 28 0
3.33333 28 0
3.16667 28 0
3.66667 28 22
1 28 0
2.83333 28 0
3.5 28 0
1.83333 28 0
1.83333 28 0
0 28 0
4.5 28 0
2.83333 28 0
3.83333 28 0
1.66667 28 0
1.83333 28 0
3.66667 28 27
3 28 0
4 28 0
4 28 0
1 28 0
3.16667 28 0
2.66667 28 0
4 28 12
4 28 23
4.66667 28 0
4.33333 28 15
3.66667 28 23
4.5 28 18
4.66667 28 14
2.16667 28 20
4.16667 28 0
2.16667 28 0
4.33333 28 27
1.83333 28 0
0 28 0
3.66667 28 0
2.66667 28 0
1.83333 28 0
4.66667 28 0
1.83333 28 6
1.83333 28 0
1.83333 28 0
3.5 28 0
3.83333 28 42
4.5 28 0
1.83333 28 0
1 28 0
2.66667 28 0
4.66667 28 14
1.57143 28 0
3.14286 28 36
3.14286 28 23
1.71429 28 22
3 28 0
1.14286 28 0
2.57143 28 0
2.28571 28 0
3.42857 28 26
3.14286 28 20
1.42857 28 0
1.71429 28 22
2.57143 28 36
2.71429 28 10
1 28 0
4.28571 28 0
2.42857 28 0
2.71429 28 0
2 28 30
2.71429 28 0
1.57143 28 0
2.71429 28 22
2.14286 28 0
3.85714 28 0
2.28571 28 0
2.85714 28 42
1.85714 28 0
1.57143 28 0
3.14286 28 0
2.57143 28 0
2.14286 28 0
2.14286 28 0
3.57143 28 0
2.14286 28 0
2.14286 28 0
3.57143 28 0
2.42857 28 0
3 28 0
2.28571 28 0
3.85714 28 20
1.85714 28 0
2.85714 28 0
1.71429 28 20
1.57143 28 0
2.57143 28 0
2 28 0
1.57143 28 20
3.14286 28 0
1.57143 28 42
1.14286 28 0
3.57143 28 16
2.85714 28 27
1.57143 28 0
1.57143 28 0
3.85714 28 42
1.14286 28 0
0 28 0
2.85714 28 16
1.14286 28 0
3.71429 28 32
3.28571 28 16
1.85714 28 0
4.42857 28 10
2 28 0
2.14286 28 0
3.14286 28 0
1.28571 28 0
3 28 14
1 28 0
1.57143 28 38
3.14286 28 0
2.57143 28 0
0.571429 28 0
3.14286 28 0
2.14286 28 0
2.57143 28 0
2.14286 28 12
2.57143 28 0
1.42857 28 0
1.85714 28 0
1.42857 28 0
1.42857 28 0
1.71429 28 0
0.142857 28 0
3 28 0
1.57143 28 16
3.14286 28 0
3.14286 28 0
1.57143 28 42
3 28 0
3.14286 28 0
1.71429 28 0
1.57143 28 0
3.14286 28 23
3 28 16
3.28571 28 16
1.57143 28 0
1.71429 28 6
4.14286 28 0
2.71429 28 20
2.125 28 0
2 28 0
2 28 0
1.5 28 38
1.375 28 0
1.375 28 0
0 28 0
2.75 28 27
0 28 0
2.125 28 6
2 28 2
2 28 0
2.25 28 28
2.625 28 0
2.75 28 12
0.375 28 0
2.375 28 8
2.75 28 0
2.75 28 0
2.625 28 34
1.25 28 0
1.625 28 22
1.375 28 0
1.375 28 32
2.75 28 0
2.5 28 0
1.875 28 0
3.5 28 0
2.25 28 0
2.25 28 0
2.75 28 42
3.75 28 0
2.375 28 6
2.125 28 0
2.625 28 0
3 28 42
2.625 28 0
1.375 28 0
2.375 28 26
1.75 28 42
3.375 28 20
1.875 28 0
1.75 28 19
2.625 28 0
2.75 28 30
0.125 28 0
1.875 28 0
0.75 28 0
1.875 28 0
2.25 28 14
3 28 30
3.25 28 0
2 28 0
3.25 28 0
0.875 28 0
3.125 28 27
1.875 28 0
1.875 28 0
2.875 28 42
2.25 28 0
3.125 28 42
2.75 28 0
2.5 28 23
1.625 28 0
2.875 28 23
2.625 28 0
2.375 28 16
2.125 28 0
3.75 28 12
3.375 28 0
1.375 28 0
2.125 28 0
2 28 0
0.75 28 0
3.125 28 16
3.125 28 8
2.625 28 2
3.5 28 14
2.75 28 15
3.625 28 0
1.875 28 0
1.375 28 0
2.5 28 16
1.625 28 0
1.75 28 0
2.375 28 0
2.75 28 29
2.75 28 27
1.375 28 0
1.375 28 10
1.375 28 38
1.75 28 0
2.375 28 0
2.25 28 14
2.125 28 0
2.5 28 0
2.75 28 0
2.625 28 31
0.125 28 0
2.75 28 23
1.44444 28 6
2.33333 28 0
3.33333 28 0
2 28 21
1.88889 28 28
2.44444 28 0
2.44444 28 16
1.22222 28 0
1.88889 28 0
2.66667 28 27
3 28 24
1.77778 28 0
2.77778 28 8
1.22222 28 0
2.77778 28 0
1.44444 28 0
2.55556 28 0
1.88889 28 0
2.66667 28 0
3 28 0
1.66667 28 0
2.44444 28 34
2.44444 28 0
1.22222 28 0
2.44444 28 20
1.22222 28 0
1.55556 28 0
2.11111 28 0
2.44444 28 14
2.44444 28 0
1.66667 28 0
2.55556 28 0
3 28 14
2.55556 28 18
1.22222 28 0
2.44444 28 18
1.22222 28 4
1.66667 28 42
2.55556 28 0
2.11111 28 0
2.22222 28 0
2.33333 28 0
1.11111 28 0
1.44444 28 0
2.44444 28 20
1.22222 28 0
2.44444 28 19
2.22222 28 38
1.44444 28 11
2.44444 28 22
1.22222 28 0
2.44444 28 0
1.77778 28 0
1.88889 28 0
2.88889 28 0
1.11111 28 0
2.11111 28 0
2.88889 28 0
1.11111 28 0
2.11111 28 8
2.88889 28 0
2 28 0
0 28 0
1.22222 28 0
1.55556 28 34
0.888889 28 0
2.33333 28 0
1.33333 28 0
2.44444 28 0
2.44444 28 0
2.44444 28 0
1.22222 28 9
1.22222 28 38
2.33333 28 0
2.11111 28 22
1.66667 28 0
1.22222 28 38
2.44444 28 27
1.88889 28 0
1.77778 28 0
1.66667 28 12
2 28 14
0 28 0
1.66667 28 42
2 28 0
1.22222 28 0
1.22222 28 0
1.22222 28 10
2.44444 28 27
2.44444 28 17
2.44444 28 0
2.44444 28 0
2.44444 28 27
0 28 0
0.777778 28 0
2.77778 28 42
1.33333 28 0
1.22222 28 0
1.44444 28 0
2.88889 28 0
1.6 28 0
1.1 28 0
0 28 0
1.9 28 8
2.6 28 23
1 28 0
0.8 28 0
1.8 28 41
1.8 28 0
2.2 28 36
0.5 28 0
1.7 28 0
2.2 28 28
2.2 28 18
0.7 28 0
0.4 28 0
0 28 0
1.9 28 0
1.4 28 0
1.1 28 0
1.7 28 20
2.7 28 28
2.2 28 0
2.2 28 0
1.2 28 0
1.7 28 0
1.5 28 10
2.2 28 24
1.6 28 16
2.2 28 12
2 28 0
1.9 28 0
2.2 28 0
2.1 28 14
1.2 28 0
0.4 28 0
1.8 28 0
2.1 28 17
2.3 28 23
1.1 28 0
2.2 28 12
2.5 28 38
2.1 28 8
2.5 28 0
1.8 28 0
2.4 28 0
1.9 28 0
2.2 28 0
2.2 28 29
2.2 28 0
2.2 28 0
1.9 28 41
2.5 28 19
1.1 28 0
2.4 28 0
1.5 28 0
1.7 28 0
1 28 0
0 28 0
2.2 28 14
1.1 28 0
1.2 28 0
2.2 28 0
2.7 28 0
1.3 28 0
2.4 28 10
0.7 28 0
0.5 28 0
1.2 28 0
2.6 28 0
2.9 28 28
3.1 28 0
1.2 28 6
1.1 28 0
1.9 28 0
3 28 16
2.8 28 0
1.3 28 19
2 28 0
0.1 28 0
2.1 28 0
1.1 28 0
2.5 28 0
2.2 28 0
1.9 28 0
1.4 28 0
1.9 28 0
1.1 28 0
2.2 28 0
2.2 28 0
0.3 28 0
1.9 28 0
2.2 28 26
0.7 28 0
1.7 28 0
2 28 0
2.1 28 42
2.1 28 18
2.1 28 0
1.5 28 0
1.90909 28 0
1 28 0
2 28 0
1 28 32
0.909091 28 0
0.0909091 28 0
1 28 40
2.27273 28 42
1.72727 28 0
2.63636 28 0
1.36364 28 0
1.36364 28 4
0.636364 28 0
0 28 0
0 28 0
2 28 34
1.81818 28 0
0.181818 28 0
1 28 0
1.45455 28 25
1.54545 28 0
1 28 0
1.45455 28 19
1.54545 28 0
2 28 0
2 28 42
0 28 0
1.81818 28 0
1.27273 28 0
2.09091 28 0
0.818182 28 0
2.45455 28 0
0.545455 28 0
1 28 0
2 28 10
2 28 29
1.90909 28 41
1.09091 28 0
1 28 32
2 28 0
1.45455 28 0
2.09091 28 0
1.45455 28 28
1 28 0
2 28 0
2.36364 28 42
2.63636 28 0
2.63636 28 0
1.90909 28 0
1.54545 28 20
1.72727 28 0
2.18182 28 0
1 28 23
1.27273 28 0
2.36364 28 8
1.36364 28 0
1.54545 28 16
1.81818 28 18
1.45455 28 0
1.54545 28 0
1.63636 28 0
0.181818 28 0
1.81818 28 8
0 28 0
1.63636 28 4
1.36364 28 40
1.72727 28 0
1.36364 28 0
1.90909 28 0
1.72727 28 0
2.27273 28 34
0.818182 28 0
1.63636 28 4
2.09091 28 0
2.45455 28 20
1 28 0
2 28 28
1.63636 28 8
0.363636 28 0
1.63636 28 8
0.363636 28 0
1.72727 28 0
1.72727 28 21
1.36364 28 0
1.18182 28 0
1 28 0
2 28 29
2 28 27
2.18182 28 0
2.81818 28 0
1 28 0
0.545455 28 0
1.63636 28 0
0.818182 28 0
0.0909091 28 0
1.90909 28 0
1 28 0
1.45455 28 3
1.54545 28 0
1.72727 28 34
1.66667 28 0
0.916667 28 0
1.75 28 30
1.41667 28 0
1.83333 28 27
1.83333 28 31
0.916667 28 0
1.25 28 0
1.5 28 0
1.83333 28 28
0.916667 28 0
0.916667 28 34
0.916667 28 0
1.41667 28 0
1.83333 28 0
1.33333 28 0
1.08333 28 0
1.41667 28 0
1.41667 28 4
0.666667 28 0
1.08333 28 0
2 28 0
1.16667 28 0
1.25 28 0
1.83333 28 29
0.5 28 0
1.33333 28 0
2 28 0
1.66667 28 0
0.916667 28 0
1.83333 28 0
1.83333 28 38
1.83333 28 34
0 28 0
1.33333 28 26
1.41667 28 14
1.5 28 8
1.66667 28 0
1.41667 28 0
1.25 28 0
1.5 28 0
0.583333 28 0
1.25 28 19
0.916667 28 0
1.83333 28 29
0.916667 28 19
2.16667 28 0
1.5 28 0
1 28 29
2 28 0
1.58333 28 0
0.916667 28 0
0.916667 28 0
0.916667 28 36
1.75 28 0
1 28 0
1.66667 28 0
2 28 23
1.41667 28 0
1.33333 28 18
0.583333 28 0
2.16667 28 38
0 28 0
1.83333 28 0
0.416667 28 0
1.41667 28 0
1.83333 28 2
1.33333 28 0
2.33333 28 28
0.5 28 0
1.33333 28 0
1.83333 28 0
1.08333 28 38
0.833333 28 0
1.41667 28 0
1.58333 28 40
2 28 0
1.41667 28 18
1.66667 28 0
0.416667 28 0
1.5 28 0
1.83333 28 42
0.916667 28 40
1.83333 28 16
0.916667 28 0
1.58333 28 34
1.16667 28 10
0.916667 28 20
1 28 0
1.75 28 0
0.916667 28 0
0.916667 28 0
0.916667 28 0
1.83333 28 16
1.91667 28 26
1.75 28 0
0.166667 28 0
1.83333 28 0
1.66667 28 0
2.16667 28 31
1.23077 28 0
2.15385 28 14
1.38462 28 0
0.846154 28 0
0.846154 28 0
1.69231 28 0
1.15385 28 4
1.38462 28 0
0 28 0
1.84615 28 0
1.53846 28 0
1.61538 28 0
0.923077 28 0
1.46154 28 0
0.615385 28 0
1.69231 28 8
1.30769 28 2
1.69231 28 14
0.846154 28 0
0.615385 28 0
1.07692 28 12
1.15385 28 40
1.38462 28 0
0 28 0
1 28 0
1.76923 28 0
1.84615 28 4
2.15385 28 4
2 28 14
2 28 0
1.61538 28 0
2 28 27
0.846154 28 12
0.846154 28 1
0.923077 28 38
0.846154 28 0
1.61538 28 0
1.69231 28 4
0.846154 28 0
2 28 0
2.07692 28 0
1 28 20
0.846154 28 0
0.846154 28 42
1.23077 28 40
1.30769 28 12
1 28 0
1.53846 28 0
0.846154 28 0
1.69231 28 2
1.15385 28 3
1.38462 28 0
0.461538 28 0
1.23077 28 0
1.15385 28 40
1.92308 28 0
1.15385 28 40
0 28 0
1.69231 28 0
0.769231 28 0
1.15385 28 3
2.23077 28 0
1.53846 28 39
1.92308 28 30
1.69231 28 0
0.230769 28 0
1.84615 28 8
1.30769 28 0
0.846154 28 0
1.69231 28 18
0 28 0
0.846154 28 0
1.84615 28 0
1.53846 28 0
1.46154 28 0
1.07692 28 0
1.69231 28 0
1.69231 28 22
1.23077 28 0
1.69231 28 12
1.30769 28 0
1.53846 28 26
0.153846 28 0
1.92308 28 38
2.07692 28 0
1.53846 28 2
0.384615 28 0
1.53846 28 0
1.38462 28 0
1.30769 28 0
0.846154 28 0
0.846154 28 0
0.846154 28 36
1.69231 28 10
1.69231 28 0
1.69231 28 30
1.53846 28 0
0.153846 28 0
1.69231 28 24
1.46154 28 23
1 28 19
1.35714 28 28
1.64286 28 0
1.64286 28 5
1 28 14
1.42857 28 0
0 28 0
1.57143 28 22
1.28571 28 0
1.85714 28 32
1.42857 28 4
0.928571 28 0
1.57143 28 0
1.42857 28 4
1.42857 28 2
0.714286 28 0
1.71429 28 0
1.78571 28 38
0.785714 28 0
1.57143 28 0
1.57143 28 32
2.07143 28 0
1.07143 28 0
0.785714 28 28
0.785714 28 0
0.785714 28 0
0.785714 28 0
1.07143 28 37
0.857143 28 0
0.785714 28 0
1.21429 28 0
1.14286 28 0
2 28 0
1.28571 28 0
1.35714 28 20
1.28571 28 0
0.785714 28 0
0.857143 28 0
1.35714 28 0
1.71429 28 31
1.35714 28 5
1 28 0
0.857143 28 20
1.5 28 0
1.5 28 38
0.857143 28 38
1.35714 28 8
0.214286 28 0
1.14286 28 0
0.428571 28 0
1.07143 28 0
1.57143 28 0
1.42857 28 0
2.07143 28 0
1.42857 28 28
1.57143 28 0
0.714286 28 0
1.42857 28 3
1.28571 28 10
2.28571 28 0
1.64286 28 1
0.928571 28 0
1.07143 28 0
1.14286 28 0
1.21429 28 0
0.357143 28 0
0 28 0
0.785714 28 0
0.785714 28 0
1.57143 28 25
0.785714 28 0
1.07143 28 0
1.28571 28 0
0 28 0
1.57143 28 0
0.785714 28 0
1.35714 28 13
1 28 0
1.14286 28 0
1.21429 28 0
0.857143 28 0
0.714286 28 0
1.42857 28 34
0.928571 28 0
0.785714 28 0
1.42857 28 0
0.928571 28 17
1.57143 28 0
1.57143 28 0
1.57143 28 4
0.642857 28 0
0.142857 28 0
1.92857 28 10
1.64286 28 0
1.14286 28 0
0.785714 28 0
0.785714 28 28
1.57143 28 0
1.57143 28 2
0.214286 28 0
1.26667 28 0
1.46667 28 16
1.66667 28 32
1.26667 28 0
1.46667 28 0
1.33333 28 18
1.6 28 27
1.46667 28 0
1.46667 28 24
0.866667 28 0
1.33333 28 0
0.733333 28 23
1.2 28 4
0.266667 28 0
1.46667 28 34
1.26667 28 0
1.6 28 4
0.8 28 0
1.46667 28 28
0.733333 28 40
0 28 0
0.733333 28 0
1.33333 28 0
1.66667 28 4
1.46667 28 0
1.73333 28 0
0.533333 28 0
1.33333 28 0
0.333333 28 0
0.933333 28 0
0.933333 28 17
1.46667 28 0
1.73333 28 1
1.4 28 0
1.53333 28 0
1.2 28 0
0.733333 28 0
0.733333 28 0
0.8 28 13
1.26667 28 0
0.866667 28 42
1.8 28 0
1.86667 28 28
0.866667 28 42
1.33333 28 0
0 28 0
1.66667 28 0
1.73333 28 0
1 28 0
1.46667 28 0
0.666667 28 0
0.0666667 28 0
0.733333 28 9
1.2 28 4
0.266667 28 0
0.933333 28 0
1.26667 28 0
0.866667 28 0
1.33333 28 0
1.53333 28 0
0.933333 28 0
1.2 28 0
1.46667 28 18
0 28 0
1.46667 28 0
0.4 28 0
0.333333 28 0
1.86667 28 0
1.13333 28 0
1.4 28 0
0.733333 28 0
1.33333 28 0
1.6 28 34
1.46667 28 36
1.46667 28 0
0.733333 28 0
0 28 0
1.4 28 0
0.0666667 28 0
0.866667 28 36
1.06667 28 0
1.4 28 40
1.73333 28 0
1 28 0
1.13333 28 0
0.866667 28 0
0.533333 28 0
0.466667 28 0
1.2 28 0
0.933333 28 5
1.86667 28 8
0.866667 28 0
1.46667 28 37
0.733333 28 0
1.46667 28 18
0.733333 28 0
1.26667 28 38
0.933333 28 0
0.733333 28 1
0.733333 28 0
1.25 28 0
1.25 28 0
1.25 28 14
1.0625 28 0
1.375 28 0
1.125 28 0
1.0625 28 0
1.25 28 0
1.0625 28 0
1.0625 28 0
1.6875 28 0
1.6875 28 20
0.8125 28 0
1.875 28 0
1 28 0
1.125 28 0
0.9375 28 0
1.125 28 0
0.6875 28 0
0 28 0
1.125 28 1
1.75 28 36
1.25 28 0
0.6875 28 0
0 28 0
0.5625 28 0
1.5 28 6
0.6875 28 0
0 28 0
0.6875 28 0
1.375 28 0
0.6875 28 40
0.1875 28 0
1.5625 28 0
1.3125 28 0
1.75 28 14
1.375 28 8
1.375 28 0
0.8125 28 0
0.5625 28 0
1.375 28 20
1.375 28 0
1.25 28 0
1.375 28 0
1.5 28 14
1.3125 28 38
1.4375 28 27
1.25 28 31
1.4375 28 0
0.75 28 18
0.6875 28 0
0.6875 28 0
0.6875 28 0
1.375 28 0
1.375 28 0
0.6875 28 0
1.25 28 38
0.8125 28 0
0.6875 28 0
1.4375 28 0
1.5 28 0
1.4375 28 0
1.0625 28 0
1.4375 28 0
1.375 28 0
0.6875 28 27
1.375 28 28
0.75 28 15
1.3125 28 0
1.375 28 20
1.375 28 4
0.6875 28 0
1.125 28 41
0.9375 28 0
1.375 28 30
0.8125 28 40
1.25 28 0
1.375 28 17
1.0625 28 8
1 28 0
0.6875 28 0
1.375 28 0
1 28 0
1.0625 28 14
0.6875 28 0
0.8125 28 0
1.3125 28 0
0.8125 28 0
1.5 28 2
1.25 28 0
1.1875 28 0
1.25 28 32
0.8125 28 2
0.6875 28 17
1.375 28 0
1.3125 28 22
0.25 28 0
0.5 28 0
1 28 2
1.375 28 28
0.352941 28 0
1.41176 28 36
1.17647 28 0
1.17647 28 42
0.764706 28 0
0.764706 28 0
0.647059 28 0
1.17647 28 0
0.647059 28 6
0 28 0
1.29412 28 0
0.764706 28 0
1.29412 28 0
1.17647 28 0
1.29412 28 28
0.647059 28 0
0.647059 28 0
1.05882 28 5
0.882353 28 0
1.29412 28 0
0.882353 28 1
1.05882 28 0
1.29412 28 42
1.29412 28 12
0.647059 28 0
1.41176 28 0
0.882353 28 0
1.47059 28 0
0.764706 28 0
0.647059 28 0
0.647059 28 0
0.647059 28 0
1.29412 28 16
0.647059 28 0
1.05882 28 0
0.882353 28 0
0.647059 28 0
0.705882 28 0
1.52941 28 0
1.41176 28 0
1.23529 28 0
1.41176 28 33
1.23529 28 0
0.882353 28 0
1.11765 28 36
0.823529 28 0
1.17647 28 0
1.41176 28 33
1.47059 28 28
1.17647 28 0
0.941176 28 0
0.941176 28 0
0.647059 28 0
0.294118 28 0
1 28 0
1 28 28
0.941176 28 0
0.647059 28 0
0.882353 28 0
1.05882 28 12
1.29412 28 4
1.23529 28 35
1.29412 28 0
0.882353 28 0
1.17647 28 4
1.52941 28 0
1 28 0
0.647059 28 0
0 28 0
1.23529 28 4
1.23529 28 8
0.470588 28 0
1.52941 28 2
1.35294 28 24
0.705882 28 0
1.23529 28 0
1 28 4
0.941176 28 0
0.647059 28 0
1.05882 28 28
0.882353 28 0
1.11765 28 38
0.823529 28 0
0.647059 28 0
1.29412 28 0
0.647059 28 39
1.11765 28 0
1.17647 28 2
0.823529 28 0
0.764706 28 0
0.647059 28 0
0.823529 28 0
1.11765 28 0
1.17647 28 0
0.764706 28 0
0.647059 28 2
0 28 0
1 28 0
1.05882 28 0
1.64706 28 0
0.555556 28 0
0.222222 28 0
0.611111 28 0
0.722222 28 0
1.05556 28 0
1.22222 28 0
0.666667 28 42
0.833333 28 0
1.05556 28 0
1.44444 28 0
1.38889 28 0
0.944444 28 0
1.05556 28 0
0 28 0
1.11111 28 40
1.33333 28 38
0 28 0
0.611111 28 0
0.611111 28 0
0.555556 28 0
1.11111 28 0
1.38889 28 28
1.27778 28 0
0.833333 28 0
1.27778 28 0
1.44444 28 4
0.722222 28 42
1.22222 28 0
1.16667 28 0
1.61111 28 0
0.222222 28 0
0.611111 28 36
0.611111 28 0
0.611111 28 0
0 28 0
1.22222 28 29
1.44444 28 0
1 28 0
1.22222 28 26
0.666667 28 0
0.888889 28 0
0.888889 28 41
0.833333 28 0
1 28 8
0.722222 28 0
0.5 28 0
0.611111 28 0
1.22222 28 22
0.333333 28 0
0.888889 28 0
0.611111 28 0
1.22222 28 6
1.5 28 20
0.611111 28 0
0.944444 28 22
1 28 0
0.833333 28 0
1.22222 28 0
0.611111 28 0
1.22222 28 33
1 28 0
1.5 28 36
1.27778 28 0
0.5 28 0
0.611111 28 0
0.833333 28 0
0.888889 28 0
1.16667 28 0
0.944444 28 0
1.05556 28 0
1.5 28 0
0.888889 28 0
1.16667 28 6
0.722222 28 0
0.833333 28 28
1 28 0
0.611111 28 0
0.722222 28 0
1.44444 28 0
1.27778 28 0
0.833333 28 37
0.611111 28 0
0 28 0
0.777778 28 16
1.05556 28 0
0.611111 28 13
0 28 0
0.611111 28 0
0.611111 28 0
0.333333 28 0
0.888889 28 0
0.666667 28 0
1.16667 28 0
0.611111 28 0
1.11111 28 0
0.277778 28 0
0.444444 28 0
0.611111 28 0
1.22222 28 0
0.611111 28 0
0.578947 28 0
0.842105 28 0
1.47368 28 18
0.578947 28 0
1.26316 28 26
1.47368 28 10
0.736842 28 0
0 28 0
0 28 0
0.578947 28 0
0.263158 28 0
1.05263 28 14
0.947368 28 0
0.631579 28 0
1.15789 28 28
1.15789 28 0
1 28 42
0.736842 28 0
0.578947 28 0
0.947368 28 0
1.36842 28 34
0.578947 28 0
1.15789 28 28
1.42105 28 0
1.47368 28 22
0.578947 28 0
0.578947 28 40
0 28 0
1.15789 28 34
1.05263 28 38
0.789474 28 0
1.05263 28 0
0.631579 28 0
1.26316 28 0
1.10526 28 0
1.05263 28 0
0.578947 28 0
0.842105 28 5
0.894737 28 0
0.157895 28 0
1.15789 28 4
1.57895 28 12
0.315789 28 0
0.842105 28 0
1.15789 28 6
1.57895 28 0
0.736842 28 0
1.15789 28 0
1.15789 28 27
0.578947 28 0
0.578947 28 40
1.15789 28 0
1.05263 28 2
0.684211 28 40
0.578947 28 0
0.157895 28 0
1.31579 28 0
0.842105 28 38
0 28 0
0.578947 28 0
1.15789 28 0
1.15789 28 15
0.368421 28 0
1.15789 28 15
1.52632 28 32
1 28 0
0.578947 28 0
0.578947 28 0
1.10526 28 0
1.15789 28 5
0.0526316 28 0
1.15789 28 0
0.736842 28 0
1.31579 28 0
0.894737 28 13
1.15789 28 0
1.10526 28 0
0.578947 28 0
0.578947 28 16
1.10526 28 0
1.21053 28 2
0.578947 28 0
1.10526 28 25
0.0526316 28 0
1.10526 28 8
0.842105 28 0
0.894737 28 0
0.789474 28 25
1.05263 28 0
1 28 0
0.684211 28 0
0.789474 28 0
1.31579 28 0
0.789474 28 0
1.15789 28 0
0.578947 28 33
1.15789 28 0
1.15789 28 2
0.578947 28 0
0.789474 28 4
0.35 28 0
1.4 28 0
0.8 28 0
0.55 28 36
0.9 28 42
0.2 28 0
0 28 0
0 28 0
1.3 28 18
1.45 28 14
0.55 28 30
1.1 28 28
1.1 28 20
1.1 28 0
0.55 28 16
0.85 28 30
0.25 28 0
0 28 0
0.75 28 0
0.9 28 0
1.1 28 8
0.65 28 0
1.4 28 0
0.7 28 0
1.1 28 0
0.55 28 0
1.1 28 0
1.55 28 0
0.7 28 0
1.05 28 0
1.35 28 41
1 28 0
0.7 28 0
1.15 28 28
0.75 28 0
0 28 0
1.1 28 10
1.1 28 0
0.55 28 28
0.85 28 4
0.8 28 0
1.1 28 0
0.55 28 31
0.6 28 0
1.45 28 0
0.7 28 0
0.75 28 0
1.45 28 8
0.7 28 0
0.95 28 0
0.9 28 6
1.1 28 0
0.85 28 38
0.45 28 0
0.55 28 0
0.55 28 0
0.55 28 0
1.1 28 10
0.9 28 0
0.7 28 0
0.9 28 0
1.35 28 0
0.65 28 0
0.65 28 0
0.9 28 0
0.9 28 0
1.05 28 0
0.8 28 0
0.55 28 0
0.3 28 0
1.2 28 22
0.9 28 0
0.8 28 0
1.15 28 29
0.6 28 0
1.1 28 11
1.1 28 21
0.55 28 37
1.1 28 0
1.1 28 14
0.65 28 0
1 28 0
1.1 28 18
0.8 28 0
1.15 28 0
0.25 28 0
0.55 28 0
1.1 28 28
0.55 28 0
1.1 28 38
1.25 28 18
0.95 28 0
1.1 28 24
0.75 28 0
0.9 28 0
1.1 28 0
0.55 28 0
0.55 28 0
0.9 28 14
0.75 28 0
0.666667 28 29
0.619048 28 0
1.33333 28 14
0.190476 28 0
1.19048 28 8
0.714286 28 0
0.52381 28 0
0.619048 28 33
0.52381 28 0
0.619048 28 0
1 28 0
0.380952 28 0
1.04762 28 0
0.52381 28 0
1.04762 28 4
1 28 4
0.809524 28 42
0.809524 28 28
0.52381 28 0
0.619048 28 5
0.952381 28 0
1 28 3
0.571429 28 0
0.809524 28 0
0.761905 28 0
1.04762 28 0
0.952381 28 32
0.238095 28 0
1.04762 28 0
1.42857 28 0
1.04762 28 22
0.52381 28 0
0.761905 28 0
1.28571 28 0
0.571429 28 0
0.428571 28 0
0.0952381 28 0
1.04762 28 23
0.52381 28 0
0.52381 28 35
1.04762 28 21
0.714286 28 0
1.09524 28 0
0.809524 28 12
0.52381 28 0
1.04762 28 24
1.04762 28 22
0.809524 28 3
0.952381 28 0
0.857143 28 0
0.52381 28 0
0.52381 28 0
1.04762 28 28
0.714286 28 28
0.619048 28 0
1.09524 28 0
1.04762 28 0
1.04762 28 0
0.714286 28 0
0.52381 28 0
1.04762 28 20
1.14286 28 38
0.428571 28 0
0.714286 28 2
1.38095 28 18
0.714286 28 0
0.333333 28 0
1.04762 28 4
1.04762 28 29
0.52381 28 0
0.52381 28 0
1.04762 28 24
1.04762 28 6
1.04762 28 42
0.952381 28 10
0.714286 28 0
0.952381 28 0
0.52381 28 0
0.714286 28 6
0.857143 28 0
1.04762 28 18
0.52381 28 0
1 28 33
0.047619 28 0
0.52381 28 0
1.04762 28 10
0.571429 28 0
1 28 0
0.52381 28 42
0.571429 28 0
1 28 0
0.52381 28 0
1.09524 28 0
0.47619 28 0
1.2381 28 0
0.857143 28 0
0.571429 28 26
0.809524 28 0
1.19048 28 4
1.14286 28 38
0.909091 28 0
1.04545 28 0
0.727273 28 0
0.909091 28 0
0.681818 28 0
1 28 0
0.272727 28 0
0.772727 28 0
0.636364 28 0
0 28 0
0.409091 28 0
1.09091 28 29
0.5 28 0
1.04545 28 6
0.954545 28 0
1.18182 28 18
0.909091 28 4
0.909091 28 0
1 28 0
0.5 28 0
0.954545 28 19
1.04545 28 23
1 28 24
1 28 31
1.04545 28 0
0.954545 28 0
1.27273 28 0
0.681818 28 0
0.545455 28 0
0 28 0
0.818182 28 0
0.272727 28 0
0.409091 28 0
0.681818 28 0
0.318182 28 0
0.636364 28 2
0.545455 28 0
0.318182 28 0
1 28 28
0.5 28 0
0.590909 28 0
0.909091 28 0
0.5 28 42
1 28 0
0.5 28 0
0 28 0
0.5 28 5
0.5 28 2
0.0909091 28 0
1.18182 28 0
0.727273 28 0
0.5 28 0
0.5 28 0
1 28 36
1 28 0
1.13636 28 14
1.36364 28 12
0.5 28 0
0.5 28 37
0.5 28 0
1.09091 28 14
0.409091 28 0
0.5 28 0
1 28 0
0.5 28 0
0.5 28 0
0.818182 28 0
0.681818 28 0
0.5 28 4
0 28 0
0.772727 28 0
0.727273 28 0
0.545455 28 42
0.954545 28 0
0.909091 28 6
0.5 28 0
0.954545 28 0
0.136364 28 0
1 28 0
0.227273 28 0
1.04545 28 0
0.727273 28 0
0.5 28 21
0.636364 28 0
0.727273 28 0
1.04545 28 0
1.09091 28 23
0.5 28 36
1 28 36
1 28 24
1 28 12
1 28 0
0.5 28 0
0.681818 28 0
0.818182 28 0
0.772727 28 0
0.727273 28 0
0.5 28 20
0.5 28 16
1 28 21
0.478261 28 0
0.73913 28 0
0.695652 28 0
0.521739 28 0
0.695652 28 0
0.695652 28 0
0.478261 28 26
0.478261 28 0
1.08696 28 12
0.347826 28 0
0.478261 28 0
0.521739 28 8
0.913043 28 0
0.782609 28 20
0.913043 28 19
0.869565 28 0
0.347826 28 0
1.17391 28 0
0.478261 28 0
0.913043 28 42
1.21739 28 28
1.13043 28 0
0.782609 28 4
0.695652 28 0
0.913043 28 0
0.782609 28 0
1.17391 28 14
0.956522 28 0
0.652174 28 0
0.565217 28 0
0.304348 28 0
0.956522 28 0
0.652174 28 0
0.956522 28 0
0.73913 28 0
0.565217 28 0
1.08696 28 19
1 28 30
0.913043 28 0
0.608696 28 0
0.347826 28 0
1.04348 28 18
0.434783 28 0
1.17391 28 0
1 28 27
0.652174 28 0
0.695652 28 0
0.347826 28 0
0.869565 28 0
0 28 0
0.73913 28 0
1 28 0
0.608696 28 0
0.0434783 28 0
0.478261 28 0
0.565217 28 26
0.869565 28 0
0.826087 28 0
0.608696 28 0
0.565217 28 42
0.869565 28 0
0.652174 28 0
1.21739 28 10
0.869565 28 0
0.73913 28 0
0.652174 28 0
0.478261 28 0
1.08696 28 33
0.0434783 28 0
0.478261 28 6
0.956522 28 28
0.956522 28 24
0.608696 28 0
0.826087 28 0
0.652174 28 42
0.782609 28 0
0.782609 28 31
0.652174 28 11
0.478261 28 6
0 28 0
0.73913 28 0
0.695652 28 42
0.782609 28 0
0.652174 28 0
0.869565 28 2
1.04348 28 12
0.478261 28 0
0.695652 28 0
0.869565 28 8
0.913043 28 0
0.869565 28 0
0.130435 28 0
1.04348 28 0
1.08696 28 14
1.08696 28 21
0.73913 28 0
0.782609 28 0
0.391304 28 0
1.21739 28 0
1.17391 28 4
0.375 28 0
0.541667 28 0
1.04167 28 0
0.666667 28 0
0.958333 28 40
1 28 15
0.458333 28 42
0.916667 28 0
0.458333 28 29
0.375 28 0
0.541667 28 5
0.791667 28 14
0.708333 28 0
0.333333 28 0
0.958333 28 32
0.416667 28 0
0.875 28 0
0.791667 28 0
0.625 28 0
0.666667 28 0
1.29167 28 28
0.791667 28 0
0 28 0
0.458333 28 0
0.916667 28 0
0.916667 28 0
0.5 28 6
1.20833 28 0
0.583333 28 0
0.291667 28 0
0.916667 28 0
0.625 28 42
0.125 28 0
1 28 6
0.708333 28 0
0.833333 28 4
1 28 16
0.458333 28 0
0.916667 28 40
0.458333 28 0
0.458333 28 28
0.833333 28 0
0.0833333 28 0
0.666667 28 2
0.708333 28 0
0.791667 28 0
1.08333 28 34
0.416667 28 0
0.916667 28 2
0.541667 28 22
0.916667 28 0
0.375 28 0
0.458333 28 28
1.125 28 4
1.16667 28 14
0.958333 28 42
0.416667 28 0
0.458333 28 38
1.16667 28 26
1.125 28 4
0.458333 28 0
0.916667 28 28
0.458333 28 28
0.333333 28 0
0.666667 28 0
0.833333 28 0
0.458333 28 24
0.916667 28 16
0.5 28 15
0.916667 28 0
0.958333 28 0
1.125 28 0
1.08333 28 0
0.916667 28 20
0.916667 28 0
0.916667 28 0
0.458333 28 24
0 28 0
0.916667 28 0
0.583333 28 0
0.791667 28 0
0.5 28 0
0.708333 28 0
1 28 16
1.125 28 20
1.20833 28 0
0.5 28 0
0.916667 28 0
0.666667 28 0
1 28 2
0.625 28 0
0.916667 28 0
0.458333 28 42
0.75 28 8
0.916667 28 42
0.75 28 0
0.791667 28 0
0.875 28 0
0.5 28 0
0.791667 28 0
0.56 28 0
0.88 28 0
0 28 0
0.28 28 0
0.96 28 10
0.76 28 42
0.36 28 0
0.76 28 0
0.44 28 0
0.84 28 0
0.32 28 0
0.56 28 0
0.88 28 0
0.72 28 40
0.6 28 0
0.88 28 0
0.84 28 0
0.48 28 1
0.88 28 0
1.16 28 0
0.28 28 0
1.2 28 8
0.88 28 33
0.44 28 0
0 28 0
0.88 28 8
0.76 28 0
0.84 28 0
0.6 28 39
1.12 28 0
1 28 34
0.76 28 19
0.48 28 0
0.6 28 0
0.36 28 0
0.96 28 10
0.44 28 0
0.88 28 0
0.44 28 36
0.68 28 14
0.88 28 0
0.64 28 0
0.92 28 0
0.84 28 0
0.6 28 4
1.16 28 14
0.84 28 0
0.16 28 0
0.88 28 0
0.76 28 0
0.68 28 0
0.64 28 0
0.44 28 4
0 28 0
0.44 28 0
0.44 28 0
0.48 28 0
0.84 28 0
0.68 28 0
0.92 28 0
1.04 28 42
0.76 28 26
1 28 13
0.56 28 40
0.76 28 0
0.84 28 6
0.76 28 0
0.56 28 0
0.48 28 42
0.16 28 0
0.72 28 0
0.44 28 0
0.56 28 0
0.76 28 0
0.88 28 37
0.8 28 32
0.88 28 40
0.68 28 0
1.16 28 16
0 28 0
1.08 28 0
0.88 28 0
0.24 28 0
0.88 28 38
1.2 28 0
0.92 28 0
1.04 28 13
1 28 0
0.24 28 0
0.56 28 28
0.76 28 0
0.88 28 27
0.72 28 29
0.92 28 0
0.56 28 0
0.88 28 4
0.88 28 0
0.84 28 0
0.88 28 10
0.04 28 0
0.423077 28 0
0.846154 28 35
0.423077 28 4
0.884615 28 19
0.807692 28 0
0.384615 28 0
0.5 28 0
0.807692 28 0
0 28 0
0.846154 28 42
0.423077 28 0
0.576923 28 2
1.07692 28 0
0.461538 28 30
0.846154 28 8
0.884615 28 6
0.5 28 0
0.730769 28 0
0.423077 28 0
0.423077 28 0
0.423077 28 0
0 28 0
0.692308 28 21
0.961538 28 0
0.538462 28 11
0.769231 28 0
0.461538 28 28
1.03846 28 0
0.961538 28 0
0.923077 28 28
0.423077 28 0
0.923077 28 12
0.769231 28 0
0.423077 28 19
0.269231 28 0
0.846154 28 0
1 28 19
0.346154 28 0
0.0769231 28 0
0.423077 28 0
0.846154 28 42
0.461538 28 0
0.961538 28 0
1.07692 28 4
0.423077 28 0
0.884615 28 20
0.423077 28 0
0.423077 28 0
0.846154 28 7
0.461538 28 0
0.807692 28 0
0.576923 28 0
0.692308 28 0
0.423077 28 16
0.769231 28 17
0.769231 28 0
0.730769 28 23
1 28 8
0.961538 28 36
0.576923 28 0
0.884615 28 0
0.846154 28 0
0.846154 28 0
0.461538 28 0
0.615385 28 0
0.846154 28 42
0.423077 28 0
0.423077 28 0
0.576923 28 12
0.576923 28 0
0.884615 28 21
0.576923 28 20
0.769231 28 0
0.846154 28 16
0.423077 28 42
0.653846 28 10
1.03846 28 10
1.07692 28 32
1.03846 28 28
0.615385 28 24
0.769231 28 0
0.884615 28 0
1.11538 28 14
0.730769 28 26
0.807692 28 22
0.576923 28 0
0.423077 28 0
0.846154 28 15
0.423077 28 0
0.615385 28 0
0.269231 28 0
0.884615 28 0
0.346154 28 0
0.423077 28 26
0 28 0
0.846154 28 31
0.269231 28 0
0.615385 28 22
0.961538 28 0
0.307692 28 0
0.962963 28 0
0.962963 28 8
0.0740741 28 0
0.814815 28 14
0.407407 28 0
0.814815 28 42
0.777778 28 2
0.703704 28 11
1.03704 28 13
1.03704 28 0
0.666667 28 0
0.777778 28 0
0.592593 28 0
1.14815 28 27
0.888889 28 42
0.666667 28 0
1.03704 28 12
0.777778 28 33
0.888889 28 42
0.407407 28 0
0 28 0
1 28 32
0.62963 28 0
0.703704 28 0
0.740741 28 0
0.592593 28 0
0 28 0
0.407407 28 0
0.407407 28 1
1 28 0
0.333333 28 0
1.11111 28 8
0.407407 28 0
0.37037 28 0
0.851852 28 7
1.11111 28 0
0.888889 28 42
0.555556 28 13
0.740741 28 0
0.777778 28 0
0.407407 28 0
0.740741 28 0
0.481481 28 0
0.407407 28 22
1.18519 28 0
0.851852 28 11
0.814815 28 42
0.037037 28 0
0.37037 28 0
0.814815 28 0
0 28 0
0.481481 28 0
0.740741 28 0
0.259259 28 0
1 28 11
0.777778 28 0
0.37037 28 0
0.444444 28 16
1.03704 28 2
0.925926 28 0
0.62963 28 0
0.259259 28 0
0.814815 28 10
0.740741 28 38
0.518519 28 16
0.777778 28 0
0.407407 28 0
0.814815 28 28
0.407407 28 2
0.407407 28 30
0.740741 28 12
0.777778 28 30
0.962963 28 30
0.851852 28 0
0.740741 28 0
0 28 0
0.703704 28 0
0.666667 28 13
0.851852 28 0
0.925926 28 0
0.37037 28 0
0.814815 28 0
0.296296 28 0
0.444444 28 0
0.851852 28 0
0.851852 28 0
0.740741 28 0
0.62963 28 0
0.925926 28 0
0.444444 28 0
0.814815 28 0
0.703704 28 0
0.925926 28 0
0.296296 28 0
0.592593 28 0
0.703704 28 0
1.03704 28 10
0.777778 28 0
0.666667 28 0
0.62963 28 0
0.571429 28 30
0.25 28 0
0.357143 28 0
0.821429 28 10
0.0714286 28 0
0.714286 28 0
0.392857 28 0
0.607143 28 0
0.178571 28 0
0.642857 28 0
0.535714 28 0
0.392857 28 23
0.5 28 0
0.892857 28 0
0.714286 28 36
1 28 6
0.428571 28 0
0.785714 28 2
0.428571 28 33
0.357143 28 0
0.392857 28 4
0.392857 28 0
0.857143 28 16
0.321429 28 0
0.392857 28 0
0.535714 28 3
0.642857 28 0
0.392857 28 28
0.392857 28 0
0.392857 28 4
0 28 0
0.785714 28 0
0.0357143 28 0
1.10714 28 0
0.428571 28 2
0.785714 28 0
0.642857 28 0
0.821429 28 5
0.5 28 0
0.428571 28 0
0.357143 28 0
0.892857 28 27
0.785714 28 0
0.678571 28 0
0.392857 28 0
0.5 28 0
0.678571 28 0
0.392857 28 32
0.392857 28 0
0.392857 28 0
0.392857 28 0
0.392857 28 0
0.642857 28 0
0.535714 28 0
0.357143 28 0
0.857143 28 36
0.571429 28 0
0.714286 28 16
0.642857 28 0
1.03571 28 0
0.892857 28 0
0.678571 28 0
0.535714 28 0
0.142857 28 0
0.642857 28 0
0.392857 28 16
0.785714 28 28
0.392857 28 24
0.392857 28 0
0 28 0
0.392857 28 22
0.392857 28 42
0.785714 28 0
0.821429 28 32
0.857143 28 0
0.678571 28 0
0.392857 28 0
0.678571 28 0
0.821429 28 0
0.857143 28 14
0.392857 28 0
0.75 28 0
0.428571 28 0
0.285714 28 0
0.535714 28 0
0.75 28 0
0 28 0
0.785714 28 22
0.392857 28 0
0.571429 28 0
0.5 28 0
0.107143 28 0
0.785714 28 8
0.785714 28 18
0.785714 28 0
0.678571 28 36
0.678571 28 0
0.785714 28 10
0.607143 28 0
0.535714 28 29
0.241379 28 0
0.793103 28 0
0.724138 28 0
0.758621 28 30
0.62069 28 0
0.896552 28 26
0.551724 28 0
0.206897 28 0
0.758621 28 8
0.689655 28 0
0.827586 28 33
0.448276 28 0
0.655172 28 0
0.413793 28 0
0.413793 28 16
0.827586 28 0
0.275862 28 0
0.586207 28 38
0.551724 28 0
0.37931 28 6
0.758621 28 0
0.344828 28 0
0.793103 28 31
0.172414 28 0
0.689655 28 0
0.655172 28 0
0.448276 28 0
0.931034 28 0
0.517241 28 0
0.517241 28 16
0.62069 28 2
0.0344828 28 0
0.724138 28 0
0.37931 28 0
0.37931 28 20
0.37931 28 0
0.758621 28 0
0.37931 28 0
0.758621 28 0
0.551724 28 20
0.862069 28 0
0.896552 28 16
0.724138 28 0
0.758621 28 0
0.551724 28 28
0.896552 28 0
0.448276 28 0
0.37931 28 0
0 28 0
0.689655 28 2
0.689655 28 0
0.827586 28 40
0.448276 28 0
0.37931 28 17
0.62069 28 7
0.586207 28 29
0.689655 28 0
0.793103 28 17
0.862069 28 0
0.241379 28 0
0.206897 28 0
0.724138 28 0
0.655172 28 0
0.689655 28 0
1 28 18
0.551724 28 38
0.62069 28 0
0.482759 28 0
0.448276 28 0
0.689655 28 0
0.37931 28 19
0.758621 28 2
0.37931 28 38
0.37931 28 0
0.448276 28 0
0.655172 28 0
0.413793 28 0
0.37931 28 21
0.689655 28 18
0.482759 28 0
0.827586 28 0
0.37931 28 0
0.275862 28 0
0.37931 28 28
0.517241 28 4
0.62069 28 6
0.206897 28 0
0.413793 28 0
0.517241 28 0
0.551724 28 0
0.586207 28 0
0.758621 28 16
0.758621 28 20
0.413793 28 0
0.724138 28 0
0.37931 28 15
1 28 2
0.517241 28 2
0.586207 28 26
0.724138 28 0
0.566667 28 0
0.433333 28 26
0.6 28 0
0.566667 28 0
0.9 28 0
0.533333 28 4
0.3 28 0
0.7 28 0
0.733333 28 12
0.366667 28 0
0.533333 28 0
0.566667 28 0
0.866667 28 32
0.6 28 0
0.3 28 0
0.3 28 0
0.166667 28 0
0.733333 28 0
0.6 28 0
0.3 28 0
0.166667 28 0
0.733333 28 0
0 28 0
0.4 28 0
0.933333 28 0
0.733333 28 2
0.766667 28 42
0.6 28 0
0.266667 28 0
0.333333 28 0
0.833333 28 0
0.733333 28 0
0.6 28 0
0.4 28 0
0.933333 28 0
0.733333 28 0
0.533333 28 1
0.766667 28 24
0.6 28 0
0.2 28 0
0.766667 28 0
0.466667 28 0
0.533333 28 39
0.866667 28 0
0.566667 28 0
0.733333 28 4
0.0666667 28 0
0.666667 28 0
0.733333 28 10
0.9 28 0
0.6 28 8
0.7 28 0
0.366667 28 0
0.366667 28 0
0.733333 28 0
0.466667 28 0
0.9 28 2
0.633333 28 15
0.8 28 0
0.4 28 0
0.1 28 0
0.366667 28 0
0.6 28 0
0.866667 28 6
0.1 28 0
0.633333 28 12
0.533333 28 0
0.566667 28 2
0.433333 28 0
0.3 28 0
0.733333 28 0
0.566667 28 0
0.533333 28 0
0.533333 28 0
0.6 28 0
0.333333 28 0
0.2 28 0
0.633333 28 0
0.266667 28 0
0.533333 28 0
0.566667 28 0
0.733333 28 0
0.733333 28 36
0.733333 28 2
0.366667 28 4
0.766667 28 18
0.7 28 0
0.533333 28 0
0.233333 28 0
0.933333 28 0
0.6 28 0
0.666667 28 0
0.7 28 0
0.733333 28 34
0.5 28 26
0.966667 28 16
0.366667 28 0
0.366667 28 28
0.366667 28 0
0.5 28 10
0.580645 28 0
0.709677 28 0
0.451613 28 5
0.516129 28 0
0.451613 28 27
0.354839 28 0
0.483871 28 6
0.709677 28 0
0.580645 28 0
0.354839 28 0
0.354839 28 0
0.709677 28 0
0.870968 28 0
0.870968 28 20
0.387097 28 12
0.354839 28 24
0.709677 28 0
0.709677 28 28
0.354839 28 0
0.225806 28 0
0.483871 28 0
0.419355 28 0
0.290323 28 0
0.935484 28 0
0.483871 28 2
0.354839 28 27
0.354839 28 0
0.967742 28 4
0.451613 28 35
0.419355 28 0
0.612903 28 0
0.387097 28 0
0.354839 28 19
0.354839 28 12
0.580645 28 0
0.483871 28 0
0.709677 28 0
0.419355 28 0
0.645161 28 0
0.354839 28 24
0.322581 28 0
0.741935 28 26
0.741935 28 30
0.870968 28 0
0.516129 28 1
0.645161 28 0
0.419355 28 33
0.741935 28 0
0.677419 28 0
0.354839 28 33
0.516129 28 37
0.419355 28 0
0.483871 28 19
0.645161 28 0
0.709677 28 15
0.709677 28 0
0.193548 28 0
0.225806 28 0
0.645161 28 4
0.741935 28 19
0.483871 28 15
0.612903 28 0
0.516129 28 0
0.548387 28 0
0.612903 28 0
0.806452 28 17
0.419355 28 0
0.290323 28 0
0.0645161 28 0
0.322581 28 0
0.677419 28 0
0.516129 28 10
0.548387 28 0
0.354839 28 0
0.709677 28 16
0.548387 28 38
0.677419 28 9
0.903226 28 8
0.354839 28 0
0.451613 28 0
0.935484 28 4
0.387097 28 0
0.903226 28 0
0.645161 28 0
0.645161 28 0
0.516129 28 0
0.129032 28 0
0.83871 28 0
0.225806 28 0
0.516129 28 0
0.548387 28 0
0.709677 28 30
0.258065 28 0
0.451613 28 0
0.354839 28 27
0.387097 28 0
0.677419 28 0
0.193548 28 0
0.548387 28 28
0.645161 28 0
0.03125 28 0
0.78125 28 8
0.9375 28 2
0.6875 28 22
0.6875 28 20
0.75 28 0
0.625 28 0
0.1875 28 0
0.4375 28 0
0.59375 28 35
0.40625 28 0
0.40625 28 0
0.625 28 2
0.09375 28 0
0.34375 28 0
0.40625 28 8
0.28125 28 0
0.6875 28 0
0.375 28 0
0.90625 28 0
0.4375 28 0
0.6875 28 8
0.71875 28 9
0.65625 28 0
0.78125 28 0
0.25 28 0
0.40625 28 16
0.6875 28 0
0.9375 28 0
0.6875 28 20
0.71875 28 10
0.46875 28 0
0.5625 28 0
0.5 28 0
0.53125 28 0
0.65625 28 20
0.375 28 16
0 28 0
0.6875 28 16
0.6875 28 0
0.34375 28 0
0.34375 28 40
0.65625 28 4
0.53125 28 32
0.4375 28 0
0.78125 28 23
0.34375 28 0
0.6875 28 23
0.34375 28 0
0.34375 28 0
0.6875 28 5
0.34375 28 13
0.25 28 0
0.09375 28 0
0.6875 28 30
0.6875 28 17
0.34375 28 0
0.625 28 2
0.6875 28 12
0.6875 28 0
0.40625 28 24
0.6875 28 4
0.34375 28 20
0.34375 28 0
0.375 28 14
0.59375 28 0
0.75 28 4
0.6875 28 22
0.875 28 38
0.71875 28 38
0.78125 28 19
0.71875 28 30
0.65625 28 22
0.375 28 36
0.71875 28 31
0.625 28 0
0.71875 28 30
0.71875 28 0
0.65625 28 0
0.6875 28 14
0.53125 28 0
0.84375 28 23
0.6875 28 12
0.34375 28 10
0.34375 28 0
0.6875 28 19
0.6875 28 0
0.6875 28 0
0.6875 28 10
0.75 28 0
0.625 28 0
0.0625 28 0
0.71875 28 0
0.46875 28 0
0.875 28 26
0.28125 28 0
0.6875 28 24
0.28125 28 0
0.40625 28 0
0.34375 28 0
0.545455 28 18
0.787879 28 34
0.666667 28 21
0.666667 28 11
0.69697 28 0
0.454545 28 0
0.515152 28 10
0.484848 28 0
0.606061 28 0
0.242424 28 0
0.151515 28 0
0.515152 28 0
0.606061 28 16
0.606061 28 0
0.454545 28 35
0.333333 28 0
0.757576 28 0
0.515152 28 0
0.636364 28 36
0.515152 28 0
0.575758 28 0
0.69697 28 10
0.636364 28 0
0.787879 28 10
0.545455 28 0
0.333333 28 28
0.636364 28 20
0.69697 28 18
0.757576 28 0
0.787879 28 6
0.363636 28 0
0.878788 28 38
0.878788 28 14
0.666667 28 1
0.636364 28 0
0.363636 28 32
0.333333 28 17
0.333333 28 2
0.242424 28 0
0.424242 28 0
0.484848 28 16
0.515152 28 0
0.363636 28 0
0.484848 28 0
0.606061 28 0
0.545455 28 0
0.484848 28 0
0.515152 28 2
0.636364 28 0
0.878788 28 27
0.484848 28 0
0.666667 28 20
0.333333 28 0
0.393939 28 0
0.787879 28 0
0.484848 28 0
0.333333 28 0
0.363636 28 16
0.636364 28 0
0.333333 28 0
0.666667 28 18
0.363636 28 22
0.575758 28 0
0.69697 28 24
0.484848 28 0
0.212121 28 0
0.606061 28 36
0.393939 28 0
0.545455 28 0
0.909091 28 33
0.212121 28 0
0.333333 28 37
0.545455 28 0
0.454545 28 0
0.484848 28 0
0.181818 28 0
0.363636 28 0
0.666667 28 0
0.636364 28 0
0.333333 28 0
0.333333 28 0
0.606061 28 20
0.454545 28 0
0.606061 28 0
0.242424 28 0
0.393939 28 0
0.242424 28 0
0.666667 28 0
0.545455 28 0
0.575758 28 0
0.606061 28 0
0.545455 28 26
0.545455 28 14
0.636364 28 0
0.484848 28 30
0.515152 28 0
0.727273 28 8
0.363636 28 0
0.575758 28 0
0.333333 28 0
0.529412 28 2
0.647059 28 0
0.441176 28 0
0.323529 28 22
0 28 0
0.5 28 0
0.529412 28 0
0.588235 28 0
0.470588 28 0
0.205882 28 0
0.794118 28 0
0.558824 28 33
0.5 28 0
0.705882 28 14
0.647059 28 8
0.294118 28 0
0.411765 28 42
0.529412 28 0
0.705882 28 8
0 28 0
0.647059 28 34
0.323529 28 16
0.764706 28 0
0.352941 28 0
0.441176 28 0
0.705882 28 30
0.382353 28 0
0.647059 28 0
0.735294 28 0
0.176471 28 0
0.647059 28 9
0.529412 28 23
0.441176 28 0
0.764706 28 24
0.529412 28 0
0.411765 28 0
0.647059 28 0
0.676471 28 0
0.529412 28 0
0.176471 28 0
0.588235 28 0
0.529412 28 10
0.764706 28 20
0.529412 28 2
0.323529 28 0
0.529412 28 21
0.558824 28 0
0.529412 28 0
0.323529 28 0
0.647059 28 5
0.323529 28 0
0.323529 28 21
0.0294118 28 0
0.676471 28 0
0.558824 28 0
0.352941 28 9
0.911765 28 6
0.382353 28 21
0.323529 28 0
0.588235 28 16
0.5 28 0
0.529412 28 0
0.617647 28 0
0.676471 28 30
0.529412 28 0
0.441176 28 30
0.323529 28 0
0.647059 28 20
0.617647 28 0
0.588235 28 0
0.323529 28 0
0.411765 28 0
0.352941 28 14
0.823529 28 0
0.764706 28 17
0.323529 28 36
0.558824 28 0
0.588235 28 38
0.5 28 0
0.794118 28 0
0.794118 28 42
0.205882 28 0
0.588235 28 0
0.617647 28 0
0.470588 28 0
0.382353 28 0
0.323529 28 0
0.647059 28 35
0.647059 28 7
0.294118 28 0
0.676471 28 17
0.647059 28 26
0.323529 28 0
0.647059 28 0
0.617647 28 0
0.352941 28 39
0.205882 28 0
0.647059 28 0
0.764706 28 32
0.647059 28 2
0.342857 28 0
0.828571 28 0
0.714286 28 37
0.628571 28 18
0.314286 28 20
0.6 28 8
0.342857 28 0
0.628571 28 14
0.628571 28 22
0.742857 28 28
0.828571 28 14
0.314286 28 16
0.314286 28 4
0.742857 28 6
0.657143 28 0
0.2 28 0
0.771429 28 0
0.657143 28 3
0.428571 28 0
0.628571 28 21
0.542857 28 4
0.4 28 0
0.314286 28 0
0.514286 28 0
0.428571 28 0
0.514286 28 36
0.6 28 14
0.714286 28 32
0.371429 28 2
0.828571 28 0
0.428571 28 42
0.314286 28 0
0.314286 28 37
0.314286 28 0
0.314286 28 12
0.314286 28 20
0.314286 28 0
0.628571 28 0
0.571429 28 22
0.371429 28 0
0.457143 28 2
0.8 28 22
0.628571 28 0
0.571429 28 0
0.0571429 28 0
0 28 0
0.628571 28 17
0 28 0
0.771429 28 14
0.4 28 0
0.628571 28 17
0.0857143 28 0
0 28 0
0.628571 28 18
0.628571 28 29
0.314286 28 0
0.2 28 0
0.428571 28 28
0.0857143 28 0
0.542857 28 0
0.428571 28 1
0.514286 28 0
0.657143 28 4
0.428571 28 0
0.571429 28 0
0.771429 28 17
0.0857143 28 0
0.628571 28 40
0.514286 28 10
0.771429 28 34
0.6 28 0
0.685714 28 16
0.485714 28 0
0.685714 28 24
0.457143 28 0
0.514286 28 0
0.514286 28 0
0.428571 28 0
0.628571 28 2
0.628571 28 35
0.542857 28 0
0.457143 28 34
0.571429 28 0
0.685714 28 14
0.285714 28 0
0.714286 28 0
0.514286 28 0
0.371429 28 16
0.685714 28 0
0.2 28 0
0.314286 28 0
0.314286 28 0
0.628571 28 36
0.485714 28 0
0.628571 28 0
0.628571 28 34
0.457143 28 4
0.314286 28 0
0.628571 28 30
0.314286 28 14
0.611111 28 6
0.583333 28 26
0.666667 28 30
0.638889 28 0
0.555556 28 0
0.527778 28 12
0.777778 28 22
0.777778 28 0
0.444444 28 0
0.527778 28 0
0.305556 28 0
0.305556 28 0
0.416667 28 0
0.5 28 0
0.611111 28 14
0.638889 28 0
0.694444 28 0
0.638889 28 0
0.472222 28 0
0.666667 28 26
0.555556 28 0
0.611111 28 0
0.611111 28 26
0.305556 28 16
0.777778 28 16
0.5 28 17
0.555556 28 0
0.444444 28 0
0.166667 28 0
0.305556 28 0
0.305556 28 24
0.833333 28 0
0.472222 28 0
0.694444 28 0
0.416667 28 0
0.0277778 28 0
0.166667 28 0
0.194444 28 0
0.5 28 0
0.388889 28 35
0.277778 28 0
0.611111 28 31
0.305556 28 0
0.694444 28 42
0.527778 28 12
0.611111 28 33
0.555556 28 17
0.666667 28 28
0.305556 28 0
0.333333 28 22
0.722222 28 0
0.5 28 0
0.5 28 0
0.388889 28 0
0.583333 28 20
0.0277778 28 0
0.583333 28 0
0.527778 28 34
0.666667 28 0
0.611111 28 29
0.361111 28 0
0.694444 28 30
0.222222 28 0
0.388889 28 0
0.527778 28 0
0.555556 28 33
0.0555556 28 0
0.527778 28 40
0.722222 28 24
0.833333 28 0
0.666667 28 17
0.611111 28 0
0.722222 28 0
0.638889 28 16
0.527778 28 0
0.555556 28 0
0.388889 28 9
0.833333 28 4
0.305556 28 20
0.611111 28 11
0.638889 28 0
0.583333 28 0
0.611111 28 4
0.5 28 0
0.722222 28 28
0.305556 28 0
0 28 0
0 28 0
0.472222 28 4
0.444444 28 16
0.638889 28 2
0.583333 28 0
0.611111 28 33
0.444444 28 0
0.472222 28 0
0.666667 28 2
0.555556 28 0
0.527778 28 28
0.0833333 28 0
0.416667 28 0
0.405405 28 0
0.675676 28 13
0.486486 28 2
0.675676 28 20
0.27027 28 0
0.351351 28 0
0.324324 28 0
0.459459 28 0
0.108108 28 0
0.459459 28 0
0.432432 28 0
0.297297 28 2
0.297297 28 0
0.405405 28 6
0.486486 28 0
0.297297 28 4
0.567568 28 28
0.324324 28 30
0.594595 28 0
0.297297 28 18
0.405405 28 0
0.486486 28 4
0.216216 28 0
0.756757 28 42
0.675676 28 0
0.351351 28 0
0.378378 28 19
0.432432 28 0
0.72973 28 0
0.621622 28 17
0.594595 28 0
0.297297 28 0
0.297297 28 9
0.297297 28 0
0.297297 28 0
0.567568 28 14
0.297297 28 0
0.621622 28 0
0.486486 28 0
0.702703 28 14
0.351351 28 0
0.621622 28 0
0.513514 28 0
0.594595 28 26
0.621622 28 19
0.567568 28 0
0.189189 28 0
0.621622 28 22
0.378378 28 0
0.594595 28 20
0.459459 28 10
0.621622 28 2
0.405405 28 0
0.297297 28 10
0.594595 28 22
0.432432 28 24
0.459459 28 0
0.297297 28 0
0.432432 28 0
0.459459 28 10
0.513514 28 28
0.378378 28 0
0.72973 28 2
0.648649 28 0
0.216216 28 0
0.72973 28 0
0.648649 28 29
0.594595 28 15
0.189189 28 0
0.405405 28 0
0.297297 28 18
0.675676 28 12
0.324324 28 0
0.486486 28 0
0.297297 28 18
0.351351 28 0
0.486486 28 0
0.648649 28 16
0.324324 28 0
0.783784 28 0
0.378378 28 9
0.702703 28 28
0.783784 28 10
0.459459 28 35
0.432432 28 0
0.513514 28 29
0.513514 28 0
0.459459 28 0
0.297297 28 0
0.216216 28 0
0.378378 28 0
0.594595 28 0
0.594595 28 0
0.297297 28 4
0.297297 28 0
0.594595 28 2
0.216216 28 0
0.459459 28 30
0.324324 28 0
0.702703 28 0
0.736842 28 34
0.684211 28 0
0.184211 28 0
0.5 28 0
0 28 0
0.315789 28 18
0.552632 28 0
0.289474 28 0
0.289474 28 0
0.289474 28 22
0.0789474 28 0
0.5 28 0
0.289474 28 21
0.657895 28 20
0.5 28 0
0 28 0
0.289474 28 2
0.421053 28 0
0.157895 28 0
0.578947 28 0
0.578947 28 0
0.289474 28 26
0.394737 28 0
0.184211 28 0
0.710526 28 10
0.526316 28 4
0.789474 28 6
0.763158 28 13
0.394737 28 0
0.578947 28 12
0.5 28 0
0.605263 28 38
0.342105 28 0
0.289474 28 6
0.578947 28 0
0.289474 28 16
0.578947 28 28
0.289474 28 0
0.815789 28 0
0.421053 28 0
0.473684 28 0
0.210526 28 0
0.394737 28 0
0.289474 28 6
0.5 28 2
0.368421 28 0
0.289474 28 0
0.578947 28 0
0.289474 28 0
0.605263 28 20
0.552632 28 0
0.131579 28 0
0.421053 28 0
0.105263 28 0
0.5 28 0
0.289474 28 10
0.578947 28 8
0.5 28 16
0.0789474 28 0
0.578947 28 16
0.289474 28 0
0.289474 28 0
0.5 28 6
0.394737 28 0
0.315789 28 0
0.473684 28 0
0.631579 28 38
0.447368 28 10
0.710526 28 36
0.289474 28 0
0.578947 28 14
0.368421 28 0
0.5 28 0
0.289474 28 0
0.342105 28 0
0.394737 28 0
0.710526 28 12
0.684211 28 16
0.710526 28 0
0.473684 28 0
0.447368 28 2
0.552632 28 2
0.394737 28 0
0.5 28 0
0.157895 28 0
0.157895 28 0
0.473684 28 0
0.394737 28 0
0.578947 28 0
0.447368 28 0
0.473684 28 0
0.5 28 11
0.5 28 8
0.684211 28 4
0.263158 28 0
0.289474 28 0
0.315789 28 0
0.552632 28 0
0.368421 28 2
0.5 28 0
0.512821 28 21
0.333333 28 0
0.282051 28 0
0.589744 28 10
0.538462 28 0
0.615385 28 10
0.25641 28 0
0.538462 28 0
0.666667 28 0
0.74359 28 16
0.282051 28 0
0 28 0
0.564103 28 26
0.564103 28 24
0.282051 28 0
0.358974 28 0
0.487179 28 0
0.461538 28 20
0.384615 28 0
0.307692 28 0
0.538462 28 0
0.564103 28 32
0.564103 28 8
0.25641 28 0
0.307692 28 19
0.564103 28 2
0.487179 28 25
0.564103 28 0
0.358974 28 0
0.564103 28 12
0.564103 28 10
0.564103 28 16
0.282051 28 6
0.230769 28 0
0.615385 28 25
0.564103 28 15
0.564103 28 0
0.564103 28 0
0.282051 28 10
0.461538 28 0
0.666667 28 20
0.435897 28 0
0.512821 28 13
0.461538 28 0
0.666667 28 17
0.410256 28 0
0.461538 28 22
0.435897 28 0
0.564103 28 23
0.564103 28 24
0.512821 28 0
0.615385 28 22
0.564103 28 19
0.282051 28 0
0.717949 28 14
0.666667 28 2
0.589744 28 21
0.538462 28 2
0.025641 28 0
0.282051 28 0
0.282051 28 28
0 28 0
0.717949 28 2
0.461538 28 34
0.512821 28 0
0.564103 28 0
0.358974 28 0
0.769231 28 12
0.641026 28 0
0.717949 28 2
0.692308 28 42
0.74359 28 0
0.25641 28 0
0.692308 28 30
0.487179 28 0
0.538462 28 0
0.589744 28 20
0 28 0
0.358974 28 0
0.435897 28 0
0.615385 28 19
0.205128 28 0
0.641026 28 12
0.461538 28 0
0.384615 28 2
0.461538 28 6
0.461538 28 0
0.641026 28 0
0.410256 28 4
0.410256 28 0
0.615385 28 8
0.384615 28 0
0.282051 28 0
0.512821 28 36
0.282051 28 0
0.333333 28 0
0.282051 28 0
0.615385 28 14
0.692308 28 10
0.641026 28 9
0.3 28 0
0.65 28 0
0.45 28 0
0.3 28 2
0.525 28 0
0.55 28 24
0.55 28 0
0.575 28 28
0.25 28 0
0.275 28 8
0.55 28 8
0.325 28 0
0.775 28 10
0.275 28 0
0.55 28 20
0.35 28 18
0.45 28 0
0.425 28 8
0.45 28 0
0.525 28 0
0.275 28 0
0.425 28 16
0.475 28 0
0.55 28 0
0.6 28 0
0.425 28 0
0.6 28 20
0.325 28 0
0.45 28 0
0.55 28 20
0.55 28 32
0.4 28 35
0.425 28 0
0.075 28 0
0.625 28 0
0.6 28 0
0.375 28 0
0.25 28 0
0.6 28 0
0.5 28 0
0.55 28 14
0.275 28 0
0.275 28 0
0.275 28 34
0.275 28 8
0.275 28 0
0.275 28 0
0.3 28 0
0.525 28 0
0.55 28 8
0.3 28 2
0.525 28 0
0.275 28 0
0.325 28 0
0.575 28 0
0.625 28 0
0.475 28 0
0.3 28 0
0.175 28 0
0.275 28 0
0.625 28 16
0.225 28 0
0.425 28 0
0.65 28 22
0.275 28 0
0.375 28 21
0.725 28 2
0.475 28 2
0.375 28 0
0.525 28 0
0.275 28 0
0.525 28 6
0.575 28 22
0.05 28 0
0.525 28 0
0.775 28 0
0.175 28 0
0.425 28 0
0.7 28 0
0.375 28 0
0.275 28 4
0.425 28 0
0.675 28 23
0.275 28 0
0.525 28 0
0.45 28 14
0.4 28 18
0.525 28 16
0.3 28 0
0 28 0
0.275 28 14
0.425 28 2
0.675 28 14
0.25 28 0
0.35 28 0
0.675 28 0
0.575 28 0
0.625 28 24
0.45 28 0
0.375 28 0
0.292683 28 0
0.682927 28 0
0.365854 28 0
0.268293 28 2
0 28 0
0.536585 28 26
0.536585 28 8
0.268293 28 0
0.268293 28 0
0.219512 28 0
0.585366 28 19
0 28 0
0.560976 28 6
0.512195 28 0
0.463415 28 12
0.341463 28 0
0.463415 28 22
0.609756 28 6
0.268293 28 0
0.268293 28 0
0 28 0
0.268293 28 2
0.585366 28 38
0.219512 28 0
0.146341 28 0
0.487805 28 0
0.707317 28 2
0.536585 28 28
0.268293 28 0
0.268293 28 18
0.317073 28 0
0.219512 28 0
0 28 0
0.268293 28 0
0.585366 28 2
0.487805 28 0
0.268293 28 0
0.219512 28 0
0.658537 28 18
0.195122 28 0
0.268293 28 0
0.341463 28 0
0.487805 28 0
0.512195 28 0
0.317073 28 0
0.682927 28 0
0.341463 28 0
0.463415 28 23
0.0731707 28 0
0.658537 28 2
0.463415 28 0
0.487805 28 0
0.268293 28 0
0.707317 28 32
0.463415 28 13
0.170732 28 0
0.560976 28 16
0.243902 28 0
0 28 0
0.536585 28 20
0.268293 28 0
0.390244 28 20
0.682927 28 24
0.341463 28 17
0.609756 28 8
0.609756 28 4
0.292683 28 0
0.341463 28 4
0.707317 28 0
0.317073 28 0
0.390244 28 0
0.365854 28 0
0.317073 28 1
0.268293 28 0
0.536585 28 24
0.268293 28 0
0.390244 28 0
0.414634 28 0
0.317073 28 2
0.756098 28 10
0.536585 28 19
0.268293 28 4
0.268293 28 0
0.317073 28 0
0.487805 28 0
0.487805 28 6
0.585366 28 20
0.341463 28 0
0.463415 28 0
0.268293 28 0
0 28 0
0.268293 28 28
0.536585 28 18
0.560976 28 19
0.414634 28 0
0.634146 28 24
0.463415 28 6
0.341463 28 0
0 28 0
0.634146 28 20
0.5 28 0
0.690476 28 0
0.285714 28 0
0.452381 28 10
0.333333 28 0
0.261905 28 0
0.238095 28 0
0.404762 28 0
0.666667 28 18
0.261905 28 0
0.261905 28 23
0.714286 28 0
0.380952 28 26
0.571429 28 0
0.690476 28 8
0.52381 28 6
0.261905 28 26
0.261905 28 0
0.52381 28 8
0.261905 28 0
0.309524 28 21
0.214286 28 0
0.261905 28 20
0.261905 28 0
0.261905 28 18
0.261905 28 16
0.642857 28 15
0.547619 28 0
0.380952 28 0
0.404762 28 0
0.119048 28 0
0.404762 28 22
0.380952 28 0
0.261905 28 26
0.52381 28 0
0.261905 28 0
0.547619 28 4
0.690476 28 0
0.595238 28 22
0.52381 28 18
0.404762 28 0
0.5 28 32
0.404762 28 0
0.380952 28 17
0.404762 28 14
0.47619 28 12
0.571429 28 15
0.52381 28 24
0.261905 28 0
0.309524 28 0
0.47619 28 0
0.52381 28 0
0.261905 28 0
0.714286 28 10
0.5 28 12
0.357143 28 0
0.595238 28 18
0.547619 28 0
0.428571 28 0
0.119048 28 0
0.404762 28 16
0.452381 28 0
0.0714286 28 0
0.52381 28 4
0.52381 28 12
0.5 28 10
0.0714286 28 0
0.357143 28 0
0.380952 28 6
0.261905 28 17
0.52381 28 20
0.309524 28 12
0.47619 28 0
0.52381 28 18
0.52381 28 2
0.380952 28 0
0.285714 28 0
0.380952 28 0
0.428571 28 0
0.666667 28 28
0.738095 28 0
0.238095 28 0
0.285714 28 0
0.261905 28 0
0.52381 28 28
0.261905 28 0
0.261905 28 0
0.261905 28 0
0.47619 28 0
0.309524 28 0
0.547619 28 0
0.452381 28 0
0.309524 28 0
0.52381 28 0
0.52381 28 30
0.261905 28 18
0 28 0
0.452381 28 0
0.333333 28 28
0.285714 28 2
0.395349 28 0
0.604651 28 28
0.511628 28 10
0.255814 28 0
0 28 0
0.511628 28 16
0.418605 28 6
0.465116 28 0
0.534884 28 0
0.116279 28 0
0 28 0
0.372093 28 27
0.395349 28 0
0.44186 28 10
0.325581 28 0
0.418605 28 0
0.534884 28 24
0.325581 28 0
0.488372 28 11
0.465116 28 0
0.232558 28 0
0.27907 28 0
0.581395 28 10
0.302326 28 0
0.534884 28 0
0.372093 28 0
0.465116 28 4
0.372093 28 0
0 28 0
0.55814 28 8
0.651163 28 0
0.465116 28 24
0.372093 28 0
0.55814 28 10
0.55814 28 0
0.418605 28 0
0.348837 28 16
0.627907 28 8
0.55814 28 2
0.488372 28 4
0.27907 28 34
0.255814 28 0
0.511628 28 0
0.255814 28 10
0.325581 28 13
0.44186 28 0
0.44186 28 0
0.44186 28 0
0.465116 28 0
0.44186 28 0
0.488372 28 12
0.0232558 28 0
0.418605 28 8
0.0930233 28 0
0.511628 28 22
0.372093 28 11
0.581395 28 0
0.627907 28 36
0.465116 28 0
0.55814 28 8
0.27907 28 0
0.44186 28 0
0.255814 28 0
0.162791 28 0
0.348837 28 14
0.465116 28 16
0.55814 28 4
0.302326 28 0
0.465116 28 0
0.511628 28 0
0.255814 28 14
0.325581 28 15
0.44186 28 0
0.418605 28 8
0.348837 28 0
0.255814 28 10
0.255814 28 0
0.418605 28 0
0.209302 28 0
0.395349 28 10
0.302326 28 8
0.604651 28 0
0.627907 28 32
0.255814 28 24
0.255814 28 30
0.348837 28 0
0.418605 28 0
0.0232558 28 0
0.488372 28 0
0.511628 28 26
0.255814 28 0
0.511628 28 6
0.255814 28 0
0.255814 28 24
0.325581 28 0
0.348837 28 0
0.139535 28 0
0.465116 28 0
0.511628 28 0
0.348837 28 2
0.409091 28 0
0.590909 28 12
0.659091 28 18
0.454545 28 0
0.295455 28 21
0.204545 28 0
0.431818 28 9
0.363636 28 0
0.5 28 31
0.0681818 28 0
0.181818 28 0
0.5 28 26
0 28 0
0.25 28 6
0.25 28 0
0.25 28 0
0.5 28 0
0.409091 28 0
0.431818 28 0
0.409091 28 10
0.590909 28 36
0.363636 28 0
0.295455 28 0
0.409091 28 0
0.295455 28 0
0.295455 28 0
0.522727 28 26
0.431818 28 0
0.295455 28 0
0.340909 28 8
0.409091 28 6
0.5 28 0
0 28 0
0.25 28 0
0.0454545 28 0
0.340909 28 0
0.295455 28 0
0.386364 28 0
0.181818 28 0
0.363636 28 0
0.613636 28 12
0.477273 28 0
0.295455 28 2
0.5 28 0
0 28 0
0.318182 28 0
0.545455 28 0
0.545455 28 16
0.340909 28 16
0.5 28 12
0.318182 28 0
0.5 28 0
0.454545 28 0
0.318182 28 0
0.159091 28 0
0.25 28 2
0.613636 28 8
0.636364 28 16
0.25 28 0
0.431818 28 19
0.568182 28 38
0.25 28 24
0.568182 28 0
0.431818 28 0
0.25 28 0
0.363636 28 0
0.386364 28 0
0.25 28 0
0.386364 28 0
0.409091 28 0
0.454545 28 0
0.25 28 0
0.5 28 10
0.5 28 6
0.363636 28 0
0.386364 28 0
0.25 28 2
0.25 28 0
0.409091 28 12
0.227273 28 0
0.363636 28 0
0.5 28 26
0.477273 28 6
0.522727 28 38
0.318182 28 27
0.227273 28 0
0.477273 28 12
0.477273 28 0
0.25 28 0
0.25 28 0
0.340909 28 12
0.409091 28 0
0.340909 28 12
0.159091 28 0
0.318182 28 14
0.454545 28 0
0.227273 28 0
0.5 28 2
0.25 28 0
0.522727 28 0
0.533333 28 0
0.511111 28 0
0.222222 28 0
0.422222 28 0
0.266667 28 0
0.555556 28 0
0.466667 28 0
0.422222 28 0
0.511111 28 4
0.511111 28 0
0.266667 28 0
0.666667 28 0
0.511111 28 20
0.377778 28 0
0.333333 28 0
0.444444 28 29
0.288889 28 31
0.177778 28 0
0.555556 28 9
0.244444 28 26
0.244444 28 20
0.244444 28 0
0.244444 28 0
0.488889 28 0
0.577778 28 12
0.4 28 0
0.288889 28 0
0.6 28 0
0.333333 28 0
0.422222 28 2
0.0666667 28 0
0.311111 28 0
0.577778 28 4
0.333333 28 4
0.488889 28 0
0.488889 28 4
0.355556 28 11
0.355556 28 0
0.533333 28 13
0.444444 28 0
0.533333 28 19
0.6 28 0
0.466667 28 0
0.133333 28 0
0.311111 28 0
0.511111 28 0
0.488889 28 2
0.288889 28 0
0.6 28 4
0.244444 28 0
0.488889 28 20
0.488889 28 23
0.511111 28 16
0.466667 28 0
0.244444 28 0
0.377778 28 4
0.444444 28 1
0.377778 28 0
0.266667 28 23
0.333333 28 0
0.622222 28 0
0.422222 28 18
0.288889 28 0
0.0444444 28 0
0.244444 28 0
0.488889 28 37
0.355556 28 0
0.488889 28 6
0.222222 28 0
0.622222 28 0
0.0222222 28 0
0.4 28 4
0.466667 28 28
0.355556 28 0
0.0888889 28 0
0.333333 28 0
0.133333 28 0
0.177778 28 0
0.444444 28 20
0.533333 28 14
0.244444 28 0
0.4 28 0
0.466667 28 0
0.355556 28 0
0.488889 28 28
0.422222 28 12
0.422222 28 28
0.377778 28 0
0.133333 28 0
0.355556 28 0
0.488889 28 18
0.622222 28 28
0.111111 28 0
0.488889 28 20
0.488889 28 18
0.577778 28 4
0.466667 28 0
0.377778 28 0
0.0444444 28 0
0.555556 28 6
0.413043 28 0
0.23913 28 0
0.23913 28 0
0.478261 28 6
0.478261 28 2
0.478261 28 0
0.478261 28 22
0.173913 28 0
0.565217 28 42
0.456522 28 0
0.23913 28 16
0.391304 28 10
0.282609 28 0
0.0434783 28 0
0.23913 28 20
0.434783 28 20
0.391304 28 17
0.369565 28 24
0.478261 28 0
0.586957 28 12
0.369565 28 14
0.26087 28 0
0.652174 28 0
0.282609 28 0
0.326087 28 30
0.391304 28 27
0.478261 28 27
0.608696 28 25
0.347826 28 0
0.456522 28 0
0.130435 28 0
0.608696 28 22
0.565217 28 0
0.391304 28 0
0.23913 28 0
0.304348 28 18
0.369565 28 0
0.521739 28 23
0.304348 28 0
0.173913 28 0
0.23913 28 0
0 28 0
0.23913 28 0
0.23913 28 0
0.456522 28 0
0.0217391 28 0
0.434783 28 6
0.282609 28 0
0.478261 28 15
0.456522 28 6
0.5 28 22
0.478261 28 22
0.478261 28 12
0.23913 28 12
0.347826 28 18
0.130435 28 0
0.23913 28 0
0.217391 28 0
0.26087 28 0
0.347826 28 0
0.130435 28 0
0.217391 28 0
0.456522 28 23
0.282609 28 29
0.173913 28 0
0.347826 28 0
0.434783 28 0
0.478261 28 6
0.478261 28 21
0 28 0
0.478261 28 0
0.478261 28 24
0.369565 28 0
0.586957 28 26
0.282609 28 0
0.434783 28 0
0.478261 28 36
0.304348 28 0
0.282609 28 0
0.282609 28 0
0.5 28 21
0.369565 28 0
0.173913 28 0
0.326087 28 0
0.391304 28 0
0.413043 28 6
0.478261 28 0
0.23913 28 0
0.543478 28 15
0.0869565 28 0
0.434783 28 0
0.608696 28 0
0.304348 28 0
0.326087 28 13
0.391304 28 29
0.108696 28 0
0.543478 28 8
0.304348 28 0
0.413043 28 0
0.478261 28 0
0.212766 28 0
0.0851064 28 0
0.446809 28 0
0.255319 28 21
0.234043 28 9
0.234043 28 0
0.234043 28 0
0.234043 28 0
0.212766 28 0
0.574468 28 21
0.638298 28 14
0.446809 28 0
0.234043 28 0
0.255319 28 22
0.319149 28 0
0.595745 28 0
0.468085 28 10
0.489362 28 41
0.446809 28 0
0.234043 28 0
0.12766 28 0
0.531915 28 11
0.276596 28 29
0.234043 28 0
0.404255 28 2
0.255319 28 0
0.148936 28 0
0.234043 28 0
0.319149 28 0
0.276596 28 0
0.468085 28 16
0.212766 28 0
0.531915 28 22
0.446809 28 0
0.531915 28 0
0.382979 28 0
0.468085 28 4
0.234043 28 16
0.234043 28 0
0.595745 28 4
0.340426 28 0
0.234043 28 0
0.489362 28 16
0.659574 28 0
0.255319 28 0
0.468085 28 0
0.234043 28 4
0 28 0
0.319149 28 10
0.382979 28 0
0.468085 28 24
0.234043 28 22
0 28 0
0.234043 28 0
0.234043 28 0
0.468085 28 8
0.382979 28 0
0.319149 28 0
0.574468 28 8
0.531915 28 0
0.531915 28 18
0.234043 28 0
0.404255 28 14
0.297872 28 0
0.234043 28 0
0.468085 28 6
0.468085 28 10
0.468085 28 10
0.234043 28 0
0.0212766 28 0
0.425532 28 0
0.255319 28 0
0.446809 28 23
0.255319 28 0
0.617021 28 0
0.446809 28 0
0.340426 28 0
0.468085 28 29
0.468085 28 8
0.510638 28 30
0.425532 28 0
0.234043 28 0
0.234043 28 0
0.234043 28 6
0.340426 28 6
0.191489 28 0
0.531915 28 14
0.340426 28 29
0.234043 28 0
0.234043 28 14
0.0638298 28 0
0.170213 28 0
0.617021 28 6
0.553191 28 16
0.425532 28 0
0.510638 28 28
0.234043 28 0
0.276596 28 23
0.425532 28 0
0.234043 28 0
0.229167 28 16
0.458333 28 6
0.375 28 10
0.395833 28 6
0.4375 28 0
0.395833 28 0
0.458333 28 8
0.125 28 0
0.333333 28 0
0.354167 28 0
0.333333 28 13
0.479167 28 24
0.4375 28 0
0.229167 28 6
0.479167 28 14
0.208333 28 2
0.458333 28 24
0.270833 28 0
0.270833 28 0
0.604167 28 29
0.229167 28 12
0.458333 28 16
0.229167 28 0
0.333333 28 4
0.354167 28 0
0.25 28 0
0.4375 28 0
0 28 0
0.229167 28 2
0.25 28 16
0.458333 28 0
0.4375 28 2
0.520833 28 6
0.5 28 0
0.416667 28 24
0.375 28 0
0.479167 28 26
0.395833 28 10
0.291667 28 0
0.270833 28 0
0.645833 28 12
0.3125 28 0
0.375 28 0
0.166667 28 0
0.5 28 23
0.375 28 12
0.333333 28 0
0.458333 28 4
0.458333 28 8
0.229167 28 0
0.229167 28 0
0.229167 28 2
0.229167 28 2
0.375 28 0
0.0833333 28 0
0.520833 28 0
0.395833 28 0
0.458333 28 0
0.229167 28 0
0.541667 28 12
0.479167 28 0
0.229167 28 0
0.354167 28 0
0.395833 28 22
0.333333 28 11
0.5625 28 0
0.0833333 28 0
0.458333 28 27
0.479167 28 16
0.416667 28 0
0.416667 28 14
0.291667 28 0
0.458333 28 20
0.625 28 18
0.0625 28 0
0.25 28 20
0.5 28 0
0.395833 28 0
0.354167 28 16
0.1875 28 0
0.416667 28 12
0.1875 28 0
0.104167 28 0
0.458333 28 0
0.479167 28 0
0.458333 28 0
0.333333 28 14
0.229167 28 0
0.166667 28 0
0.291667 28 0
0.333333 28 0
0.354167 28 0
0.458333 28 4
0.25 28 0
0.5625 28 0
0.395833 28 0
0.625 28 12
0.5625 28 0
0.354167 28 0
0.3125 28 0
0.367347 28 0
0 28 0
0.44898 28 13
0.387755 28 4
0.285714 28 0
0.44898 28 15
0.428571 28 14
0.469388 28 32
0.530612 28 0
0.367347 28 0
0.22449 28 29
0.22449 28 4
0.44898 28 14
0.0204082 28 0
0.428571 28 6
0.44898 28 16
0.591837 28 12
0.306122 28 23
0.44898 28 0
0.44898 28 2
0.44898 28 12
0.367347 28 0
0.306122 28 0
0.408163 28 22
0.489796 28 16
0.285714 28 4
0.55102 28 0
0.285714 28 0
0.387755 28 14
0.285714 28 0
0.44898 28 2
0.55102 28 14
0.469388 28 0
0.55102 28 22
0.22449 28 0
0.44898 28 0
0.22449 28 0
0.428571 28 6
0.44898 28 25
0.244898 28 0
0.44898 28 4
0.469388 28 17
0.204082 28 0
0.44898 28 21
0.571429 28 22
0.326531 28 0
0.408163 28 0
0.122449 28 0
0.469388 28 0
0.122449 28 0
0.22449 28 0
0.510204 28 2
0.387755 28 0
0.22449 28 3
0.367347 28 29
0.306122 28 0
0.44898 28 10
0.22449 28 19
0.44898 28 35
0.183673 28 0
0.265306 28 37
0.44898 28 9
0.0612245 28 0
0.387755 28 0
0.22449 28 11
0.22449 28 28
0.306122 28 22
0.367347 28 0
0.469388 28 12
0.204082 28 0
0.22449 28 0
0.142857 28 0
0.530612 28 33
0.44898 28 6
0 28 0
0.489796 28 2
0.571429 28 0
0.183673 28 0
0.55102 28 19
0.346939 28 0
0.326531 28 0
0.163265 28 0
0.285714 28 0
0.510204 28 2
0.22449 28 0
0.387755 28 0
0.571429 28 16
0.612245 28 24
0.387755 28 0
0.44898 28 16
0.530612 28 26
0.367347 28 0
0.44898 28 14
0 28 0
0.265306 28 0
0.346939 28 0
0.285714 28 16
0.387755 28 20
0.510204 28 22
0.428571 28 4
