22 0 0
22 0 0
11 0 0
22 0 0
19 0 0
20 0 0
7 0 0
20 26 0
11 12 0
13 12 7
20 26 0
10 12 0
14 12 8
15 22 0
7 0 0
4 0 0
11 0 0
15 0 0
18 8 0
19 105 0
25 134 80
21 133 79
27 138 85
18 121 0
22 134 134
13 67 0
9 66 0
11 68 0
22 133 0
14 67 24
19 122 0
11 68 41
18 105 0
25 152 0
12 67 0
0 2 0
16 98 42
17 114 0
21 133 133
14 67 0
20 131 0
22 135 135
0 2 0
17 98 0
16 96 0
11 68 27
11 67 0
12 67 24
13 67 0
17 121 0
24 133 80
17 99 0
16 96 0
0 2 0
22 133 80
0 2 0
22 133 0
19 127 0
26 133 87
21 132 0
21 132 86
1 2 0
22 133 0
11 67 12
20 131 24
17 72 60
18 121 0
11 68 0
22 133 80
15 73 73
18 121 0
11 68 0
11 67 43
11 67 0
17 99 0
25 161 0
24 133 53
24 134 0
9 66 0
20 131 0
24 132 108
21 132 25
11 0 0
22 0 0
15 0 0
24 0 0
20 0 0
9 0 0
24 0 0
25 0 0
19 0 0
13 5 0
23 108 0
8 49 0
25 0 0
13 0 0
21 1 0
19 1 0
21 109 0
11 56 0
22 109 0
8 51 0
22 104 0
14 55 0
22 0 0
7 0 0
30 0 0
28 0 0
18 0 0
16 23 0
26 128 0
22 108 0
11 56 0
0 0 0
17 0 0
27 0 0
7 9 0
11 0 0
22 0 0
11 0 0
13 0 0
9 0 0
22 24 0
12 0 0
13 0 0
25 0 0
19 0 0
0 0 0
15 0 0
22 8 0
21 8 0
19 9 0
18 10 0
20 0 0
17 0 0
10 0 0
12 0 0
11 0 0
12 0 0
10 0 0
14 0 0
19 0 0
17 0 0
16 0 0
14 0 0
29 0 0
11 0 0
23 0 0
11 0 0
19 0 0
14 0 0
22 0 0
22 0 0
19 0 0
14 0 0
8 0 0
14 0 0
23 0 0
27 0 0
5 0 0
22 0 0
9 0 0
25 0 0
10 0 0
22 0 0
5 0 0
20 1 0
21 0 0
9 0 0
23 0 0
30 0 0
21 0 0
25 0 0
25 0 0
19 0 0
20 0 0
13 0 0
22 0 0
21 0 0
23 0 0
19 0 0
14 0 0
0 0 0
11 0 0
11 0 0
11 0 0
11 0 0
22 0 0
10 0 0
1 0 0
22 0 0
29 0 0
15 0 0
0 0 0
22 0 0
11 0 0
19 0 0
